CATGTRSBDP
1	-1	0
0
brpo.ali
4
None
0
1
(Cryptospor,(Archaeoglo,(((((((((((Phytophtho,(Pyrobaculu,Pyrococcus)),Plasmodium),Sulfolobus),Phaeodacty),Oryza_sati),((Cryptococc,Theileria0),Glomus_int)),Rhodophyta),((((Mammalians,Candida_al),((((Schizosacc,Aeropyrum0),(Tunicates0,Thalassios)),Methanococ),(Toxoplasma,Ustilago_m))),Monosiga_b),Neurospora)),((Chytridiom,Arabidopsi),Saccharomy)),Encephalit),Drosophila)),Dictyostel);
(Cryptospor:0.0192609820584937,(Archaeoglo:0.0892969991891813,(((((((((((Phytophtho:0.0295572306149238,(Pyrobaculu:0.101199984957756,Pyrococcus:0.00642872818701679):0.181235067910826):0.311152538549974,Plasmodium:0.0266104998445565):0.0088170848215458,Sulfolobus:0.0914235363336354):0.0559712018967573,Phaeodacty:0.0603360042626181):0.102913046423647,Oryza_sati:0.155443265813211):0.0167970754684518,((Cryptococc:0.00462444374086215,Theileria0:0.082812995328527):0.103988519525376,Glomus_int:0.522539530413682):0.0132069176403528):0.225144090142745,Rhodophyta:0.0683979744364339):0.392588092337362,((((Mammalians:0.141846921672519,Candida_al:0.122976889878854):0.019753143713667,((((Schizosacc:0.0891383508441742,Aeropyrum0:0.14036631289233):0.142471467966008,(Tunicates0:0.0943163042150026,Thalassios:0.111186134215541):0.696770382528719):0.017633370995551,Methanococ:0.248888446416041):0.00226075750429319,(Toxoplasma:0.0111349611841421,Ustilago_m:0.0593270618975139):0.0627303985601075):0.0228934481386975):0.14239385290825,Monosiga_b:0.27189727781777):0.026742913779125,Neurospora:0.0334997746182427):0.0209511908393663):0.0709929119324802,((Chytridiom:0.400333317613759,Arabidopsi:0.0168310156259606):0.108788265118629,Saccharomy:0.0146147366503965):0.0778156269741498):0.18483287254817,Encephalit:0.0375147393399571):0.0125579262831311,Drosophila:0.132248685650408):0.1424566460378):0.0877529319459174,Dictyostel:0.0331008903056086);
1
10
1
438
1
1	1	1	1	1	1	1	1	1	1	1	1	1	1	1	1	1	1	1	1	

1.81682	0.458545	0.257782	0.198243	0.116121	0.795835	1.74277	0.344022	0.772129	0.0421611	1.10765	0.28577	5.73706	1.30412	3.02782	2.28502	1.31087	0.830289	0.144889	0.435456	1.2039	0.013094	7.25874	0.572396	0.809782	0.345668	1.6857	2.48498	1.59801	0.226893	0.778895	0.153801	0.715125	0.17411	1.26425	4.84962	0.24634	0.604896	1.36953	2.27297	5.00112	0.708199	0.779916	0.910432	0.436653	0.133686	0.34271	0.334431	0.326185	1.251	1.62892	0.0139944	0.507729	0.71918	0.199489	1.48511	1.30649	0.836667	0.0523051	0.159274	0.348898	0.436848	3.29884	0.0164673	2.70215	1.60402	3.09554	1.41216	0.0601323	0.182226	0.11324	0.197771	0.171543	0.822921	0.844417	1.75334	1.19958	0.47274	0.258771	0.511067	0.0981882	0.341384	2.07062	0.123672	0.283175	0.249902	0.234346	0.784375	1.54308	0.0644931	1.07857	0.177147	0.617361	1.24643	2.63261	0.542996	0.190382	0.371139	1.72413	0.00486327	0.593176	1.8258	0.965343	0.295923	1.45652	1.69106	0.537129	0.182695	1.18032	0.823103	0.192984	0.0121915	0.313449	3.28435	1.98299	0.891674	0.90657	1.87829	1.34746	0.0459894	0.707816	1.24666	0.167458	0.121419	0.926389	0.777711	0.262427	4.06565	0.38998	0.243839	0.309906	0.113117	1.67692	0.178474	0.022225	0.384772	1.13886	1.21666	1.09698	0.885353	1.48731	0.896007	2.16637	0.144455	0.485316	0.329152	1.25663	0.752883	1.48364	0.226217	0.623777	0.452936	0.609996	1.86443	0.306721	0.0795774	1.81656	0.624392	0.956437	5.19166	0.614772	0.0555165	0.0505133	1.82458	0.58961	0.507655	0.656106	0.0685616	2.87792	1.38648	1.14788	0.994969	0.916444	0.209045	1.87797	1.36159	3.25058	1.34455	0.435709	0.547101	0.700266	0.459753	0.17797	0.14772	0.292107	2.28367	0.243504	1.55213	0.504908	0.737446	

0.0274505	0.0497837	0.0125089	0.0939046	0.0108845	0.00743212	0.0413844	0.0343792	0.0399707	0.0419112	0.0134055	0.00239432	0.128817	0.0685561	0.114987	0.0147615	0.104871	0.0495141	0.12652	0.0165643	
0.0181933	0.0488691	0.0164012	0.0362182	0.0128729	0.0410033	0.0857947	0.0289533	0.0625872	0.0488013	0.0619819	0.0315189	0.0143132	0.210719	0.0551216	0.164056	0.025302	0.000747167	0.0122804	0.0242659	
0.0380007	0.0346437	0.0109684	0.0204603	0.03815	0.0106837	0.11249	0.257639	0.131609	0.0197649	0.02261	0.000443752	0.030977	0.00253801	0.129558	0.024317	0.00454286	0.0458453	0.00514558	0.0596126	
0.0192347	0.0273128	0.193729	0.017726	0.150379	0.0236709	0.0702071	0.0286751	0.00171129	0.00325219	0.0210775	0.0100792	0.042528	0.000481873	0.120503	0.0456999	0.0243643	0.0363588	0.122512	0.0404973	
0.0348105	0.029586	0.0296145	0.0337898	0.00708703	0.0186763	0.110268	0.0167557	0.0158824	0.12496	0.0594007	0.00378616	0.00271516	0.0940095	0.206748	0.00493516	0.0970353	0.0350077	0.0697566	0.00517543	
0.00061953	0.0190197	0.0267774	0.0236305	0.00783913	0.0188854	0.0221914	0.0191777	0.0115869	0.140258	0.105218	0.116685	0.0700684	0.0137072	0.00984012	0.0883706	0.0475332	0.187366	0.0361858	0.0350397	
0.128741	0.0159479	0.0986036	0.00662648	0.0448408	0.0191879	0.0413369	0.052727	0.0843886	0.00675448	0.0354579	0.132928	0.050162	0.0514091	0.0316139	0.00378261	0.0637626	0.0403827	0.0762973	0.0150496	
0.0143978	0.0089536	0.0544802	0.0474098	0.0123828	0.0621704	0.10198	0.0938576	0.152674	0.0803238	0.0564319	0.0130047	0.031699	0.0243371	0.000693674	0.106221	0.0236662	0.0537021	0.0549123	0.0067024	
0.0151132	0.0254232	0.0052178	0.0256178	0.0695463	0.0352223	0.10488	0.00284296	0.0211518	0.0362937	0.0585709	0.0589397	0.102521	0.0204233	0.0433065	0.0924074	0.0419014	0.0140325	0.0549066	0.171682	
0.172026	0.00438876	0.0196638	0.0563906	0.001015	0.0178083	0.00938964	0.0198399	0.00653562	0.0553228	0.100813	0.00541688	0.00751219	0.0981949	0.0164378	0.0298151	0.149204	0.163162	0.0328768	0.0341868	
0.0217783	0.0240083	0.0278978	0.145265	0.072723	0.00127939	0.0379774	0.0159313	0.025103	0.0133995	0.129138	0.00292338	0.00116805	0.0805751	0.232367	0.0661642	0.00488193	0.0322257	0.00956434	0.0556293	
0.0233761	0.00629492	0.00718672	0.0952269	0.100239	0.147641	0.124563	0.0240198	0.00111613	0.00191269	0.0188611	0.0270303	0.0129679	0.0212105	0.0297764	0.200236	0.0189056	0.0129561	0.0196471	0.106833	
0.0147582	0.0146131	0.00562777	0.00380676	0.0378585	0.0618063	0.0139609	0.0597626	0.0524894	0.0627232	0.0713528	0.0351131	0.186762	0.103761	0.0709043	0.0596917	0.0919303	0.00878271	0.0226108	0.0216844	
0.0102592	0.0432522	0.0615594	0.104534	0.0237121	0.0277612	0.0211503	0.0402393	0.0458074	0.0357922	0.152569	0.0196857	0.0361871	0.00295735	0.0358903	0.0348376	0.0381046	0.129001	0.118753	0.017947	
0.0696431	0.048517	0.0280289	0.0356067	0.0531344	0.0326462	0.0152158	0.0306336	0.0494539	0.0142344	0.137447	0.0403267	0.0497908	0.0475068	0.147491	0.14293	0.00703604	0.00194591	0.0155036	0.0329081	
0.0177761	0.0977366	0.010642	0.00233043	0.0407657	0.0618495	0.0200564	0.135955	0.0214717	0.0592745	0.0369755	0.0483801	0.0579159	0.0218886	0.0742239	0.049884	0.0293485	0.0206583	0.161435	0.0314326	
0.00345004	0.0673581	0.0329294	0.0381767	0.0346799	0.0475667	0.0628332	0.00227729	0.011484	0.169291	0.0623511	0.0277821	0.0221182	0.121221	0.0134265	0.108193	0.00775517	0.0645508	0.0822414	0.0203143	
0.0307237	0.0291886	0.015333	0.0166431	0.024116	0.17221	0.0425202	0.00083415	0.0477325	0.162062	0.0178019	0.134037	0.00133124	0.108736	0.0284808	0.0849244	0.00572097	0.0222446	0.0463718	0.00898831	
0.00305144	0.0585104	0.0390018	0.0585739	0.147848	0.00628016	0.0128525	0.160872	0.0117146	0.141279	0.096303	0.0254926	0.0144063	0.0144017	0.0117547	0.109264	0.0346248	0.0364972	0.00161475	0.0156568	
0.176416	0.0771048	0.0907721	0.0735888	0.00947253	0.0322658	0.103868	0.0176088	0.0797736	0.0226818	0.0686916	0.000620795	0.0241388	0.000755052	0.0461492	0.0399796	0.0222237	0.00341993	0.0890492	0.0214205	
0.014032	0.0934661	0.0924896	0.000345816	0.0673946	0.137046	0.105124	0.0763403	0.00301785	0.00182258	0.0284376	0.00608874	0.143358	0.0278559	0.149375	0.0220109	0.00946503	0.000757802	0.00289973	0.018673	
0.0115202	0.035182	0.119516	0.113838	0.0220943	0.00406196	0.0481559	0.011215	0.0839418	0.0839663	0.00917566	0.0172763	0.0461983	0.0309053	0.0490106	0.0440567	0.0302689	0.0674915	0.0230304	0.149095	
0.0116467	0.0284338	0.0108933	0.0802629	0.0139329	0.260011	0.000483454	0.0302761	0.0027734	0.100261	0.0107409	0.0361444	0.00685694	0.0963067	0.00310379	0.0550625	0.0407286	0.0542282	0.105974	0.0518799	
0.00109865	0.0172614	0.0277648	0.047042	0.00531999	0.0281033	0.0746577	0.152833	0.00926167	0.0657818	0.0326713	0.0345348	0.042982	0.0793151	0.0957512	0.102915	0.0432116	0.0701003	0.020246	0.0491486	
0.169076	0.0373709	0.0967166	0.0424137	0.124749	0.0139116	0.0163918	0.00125264	0.0860874	0.022793	0.0232427	0.0375973	0.0373037	0.145032	0.0130747	0.00268844	0.0219703	0.031822	0.0506353	0.0258711	
0.0508048	0.0089737	0.106469	0.0033173	0.0529707	0.0592933	0.0156215	0.105517	0.0434261	0.0211367	0.0614507	0.0790024	0.111794	0.0223381	0.0598026	0.00210629	0.00790508	0.0180409	0.156744	0.0132867	
0.0443624	0.0266319	0.0282981	0.0613522	0.114027	0.0114916	0.0120315	0.0588452	0.0437133	0.0156796	0.0964927	0.119974	0.00483829	0.0392815	0.0171415	0.198755	0.0461388	0.0416098	0.0149016	0.00443335	
0.0551894	0.0533898	0.0263609	0.0630294	0.0155852	0.0559511	0.0750014	0.118054	0.162057	0.00442762	0.0238298	0.045102	0.0214409	0.0243049	0.0311424	0.00731309	0.0767847	0.102871	0.0062183	0.031947	
0.00382433	0.00637823	0.133797	0.145122	0.0625772	0.134002	0.0660539	0.0185998	0.00124172	0.0312293	0.0669545	0.0202718	0.0256539	0.0121782	0.0569189	0.00221426	0.0121778	0.0280792	0.0724702	0.100256	
0.0254324	0.00485532	0.00726313	0.0399936	0.0273934	0.0170454	0.0129842	0.0797133	0.0243497	0.0140367	0.24984	0.118513	0.00674585	0.00970857	0.0308194	0.00474834	0.164734	0.0638937	0.0689737	0.0289568	
0.0594638	0.0550447	0.0145598	0.0185665	0.0718987	0.0672274	0.00621671	0.0930118	0.00451007	0.0769232	0.0867288	0.124563	0.0216063	0.0324309	0.00450009	0.0684479	0.00676422	0.0153374	0.101076	0.0711231	
0.00326829	0.0233852	0.0272899	0.0104122	0.0987471	0.0541659	0.082478	0.0204564	0.0867714	0.0363009	0.0801879	0.0315806	0.170864	0.0157938	0.0597366	0.0237873	0.0658076	0.0613742	0.0258088	0.0217834	
0.0263303	0.0649349	0.0216385	0.13008	0.0698686	0.110467	0.0464967	0.0288603	0.00325788	0.148327	0.0191132	0.0236755	0.000467135	0.0925953	0.0252292	0.0351493	0.0424045	0.0213098	0.0522755	0.0375189	
0.0538994	0.190081	0.0946903	0.0217686	0.00944275	0.0271883	0.135415	0.0734011	0.0264475	0.000272823	0.0174303	0.042659	0.0491027	0.00960756	0.0406787	0.004836	0.0901956	0.0474471	0.00835701	0.05708	
0.0109487	0.0523706	0.0366109	0.118144	0.00806841	0.123284	0.0735702	0.0825399	0.0148294	0.0313741	0.0507306	0.00395411	0.0409453	0.0301025	0.0542154	0.0562028	0.0611086	0.039227	0.0230839	0.0886893	
0.0543974	0.0152453	0.0783242	0.0194492	0.0883624	0.0050896	0.124965	0.0504614	0.0667481	0.0035372	0.00965871	0.0306835	0.00105356	0.0289094	0.00393402	0.0891285	0.0507423	0.111953	0.10132	0.0660378	
0.0142657	0.0187905	0.0926406	0.0639917	0.0152705	0.0703926	0.00175864	0.0493675	0.0281564	0.0489642	0.0234866	0.0112439	0.0176492	0.021886	0.118638	0.0246968	0.0959485	0.0630422	0.0779439	0.141867	
0.0926213	0.0397184	0.0101583	0.0625879	0.0676708	0.0795638	0.0503212	0.111503	0.0709581	0.162153	0.02072	0.0126398	0.0584846	0.000119329	0.0482486	0.0285178	0.038717	0.0223605	0.00605941	0.0168767	
0.00840138	0.0903428	0.00706089	0.0374097	0.00491581	0.0707258	0.0536708	0.00878239	0.0984349	0.0216501	0.110344	0.115115	0.0689098	0.0240385	0.00417956	0.00393843	0.0185593	0.0614856	0.0842805	0.107754	
0.00125378	0.0804382	0.0237607	0.178253	0.0633475	0.050814	0.0165813	0.0152594	0.0252627	0.00446683	0.0250444	0.00734831	0.129954	0.0181857	0.0657195	0.0268728	0.0385764	0.0346423	0.125176	0.0690429	
0.0616543	0.050972	0.0556068	0.0202933	0.00428294	0.0239442	0.0735001	0.110871	0.061546	0.0118344	0.0849318	0.052283	0.00242175	0.00337517	0.0200506	0.0522727	0.0721999	0.13846	0.0244959	0.0750041	
0.0050161	0.00218571	0.0563187	0.0554109	0.00653307	0.0277954	0.0833261	0.146445	0.134908	0.0234592	0.0699018	0.0400063	0.00322855	0.0172601	0.131968	0.0381811	0.050014	0.0207052	0.0816542	0.00568252	
0.0572361	0.00440557	0.0409305	0.00876954	0.0821658	0.042409	0.00464939	0.0653873	0.0186281	0.0481765	0.0777329	0.0900437	0.171862	0.0176009	0.0145867	0.00112967	0.0482781	0.135555	0.0191883	0.0512654	
0.0256961	0.0137552	0.067301	0.0845868	0.0281921	0.0310167	0.0411429	0.042606	0.0509671	0.0846473	0.0188353	0.0153485	0.0990596	0.00977793	0.0870435	0.0302977	0.0405398	0.0347102	0.0550543	0.139422	
0.0443192	0.0686786	0.0896301	0.040024	0.0131224	0.0520019	0.0242864	0.003429	0.0373955	0.143728	0.0420481	0.0292614	0.0743254	0.0108219	0.0621372	0.0276	0.00347897	0.0247403	0.137192	0.07178	
0.00244703	0.00557054	0.0695574	0.0121948	0.128651	0.0128787	0.124547	0.00732577	0.168236	0.045537	0.00983673	0.0588597	0.0115521	0.00493452	0.0901179	0.103759	0.0633014	0.0528565	0.00657381	0.0212634	
0.00221949	0.12943	0.00379921	0.0242233	0.0230653	0.0342043	0.0282686	0.108979	0.0518097	0.00199862	0.233098	0.0722783	0.0532235	0.0616258	0.0170755	0.0391653	0.0112736	0.00314203	0.0515932	0.0495271	
0.0149457	0.168196	0.0275393	0.00814855	0.0394669	0.0949104	0.0598465	0.0638888	0.00566812	0.0296703	0.0146056	0.0242934	0.00749956	0.127459	0.0516902	0.00671316	0.130925	0.00889141	0.0194539	0.096188	
0.152919	0.130372	0.0063624	0.0256014	0.0269805	0.0136455	0.0376768	0.006898	0.124225	0.0867362	0.0290345	0.0962178	0.0225454	0.104846	0.000966026	0.0232918	0.017609	0.0351213	0.025924	0.0330284	
0.0839788	0.0360354	0.00758487	0.061601	0.128231	0.105916	0.00235174	0.0507051	0.0426942	0.0634792	0.106471	0.138462	0.00386138	0.0351852	0.011726	0.00287674	0.00951684	0.0544794	0.0182016	0.0366423	
0.126227	0.0164632	0.100216	0.00669763	0.0371249	0.0428324	0.0530988	0.00319039	0.0676141	0.021229	0.0490755	0.0037111	0.00934242	0.121661	0.0360981	0.0708972	0.0115966	0.00836989	0.15532	0.059235	
0.0112011	0.0146349	0.0230185	0.0571931	0.023668	0.0952758	0.125263	0.0145762	0.0576405	0.0443428	0.10622	0.0875227	0.00467519	0.00762377	0.116554	0.00908746	0.000388051	0.132651	0.0679931	0.000470707	
0.0464501	0.0339404	0.105643	0.0281804	0.0186953	0.113042	0.0465783	0.0378245	0.00614847	0.0414771	0.00861241	0.00468494	0.0128948	0.0438866	0.108766	0.0216117	0.0957594	0.0176861	0.0313758	0.176744	
0.0869944	0.0251783	0.0806188	0.0131261	0.0238978	0.0540216	0.048565	0.067501	0.022934	0.13441	0.0200603	0.175571	0.0127664	0.017337	0.0176972	0.0141824	0.0116202	0.0699517	0.00484606	0.0987201	
0.177792	0.00765917	0.0203583	0.0291876	0.0245159	0.0231864	0.0533419	0.0556619	0.0119455	0.0702498	0.00405582	0.0280402	0.0632274	0.0339131	0.0684427	0.030424	0.117399	0.0345091	0.124917	0.0211731	
0.0150465	0.00700107	0.0294396	0.136052	0.0739571	0.0186007	0.0305832	0.168935	0.0194478	0.0861855	0.112115	0.044232	0.054609	0.0609672	0.00592842	0.0661803	0.0208827	0.00830206	0.0198492	0.0216854	
0.0207571	0.00162174	0.3124	0.146945	0.00751188	0.00160547	0.0453578	0.0311965	0.0516902	0.02892	0.0584183	0.0170742	0.0839397	0.0886331	0.00227632	0.0287948	0.00245014	0.0220131	0.0471689	0.00122522	
0.0210397	0.0401825	0.0144933	0.0637145	0.00252523	0.145817	0.0275002	0.0166205	0.118619	0.0020806	0.12889	0.0766316	0.00645516	0.019784	0.0569578	0.0380103	0.00109121	0.0183295	0.0748679	0.12639	
0.00431871	0.00694528	0.105706	0.0197133	0.0815944	0.109518	0.060075	0.0267403	0.0492721	0.01118	0.0161468	0.0839582	0.0545068	0.00715799	0.0703704	0.155974	0.072793	0.0110488	0.0110749	0.0419057	
0.00929842	0.00574452	0.00903836	0.0530989	0.00730163	0.0820965	0.0669044	0.0628165	0.010804	0.0560339	0.0037341	0.119729	0.0221777	0.070385	0.0124069	0.0283562	0.0315624	0.0183372	0.275406	0.0547683	
0.00462602	0.0462725	0.122611	0.00773665	0.0210182	0.0126903	0.0852272	0.150066	0.0393849	0.0454272	0.00371412	0.047235	0.0156773	0.094071	0.159315	0.0241347	0.0405472	0.0513843	0.0164791	0.012382	
0.0987495	0.181551	0.0270545	0.0223939	0.0220356	0.0243557	0.0431754	0.0391799	0.0933447	0.0189365	0.0440979	0.107487	0.00519729	0.0269896	0.0285812	0.00417892	0.050638	0.0173262	0.0789775	0.0657493	
0.0910512	0.00248454	0.0610462	0.0155452	0.111268	0.0101415	0.00579445	0.074088	0.0200583	0.0286927	0.0249159	0.16136	0.0058728	0.00619323	0.0743419	0.0444015	0.0158718	0.0156078	0.0648889	0.166377	
0.111779	0.0617671	0.0586185	0.096422	0.106944	0.0159898	0.0690166	0.060218	0.0196544	0.0563919	0.0139996	0.111903	0.00681563	0.133256	0.0340188	0.00968901	0.00681952	0.00664344	0.0068721	0.0131823	
0.10751	0.0928676	0.030143	0.0974571	0.0216715	0.120033	0.02654	0.0476039	0.0296526	0.105121	0.0272292	0.0425238	0.0141999	0.0628811	0.02319	0.0123189	0.0542404	0.0567713	0.00375742	0.0242885	
0.0510428	0.000960447	0.00373033	0.0921908	0.0139576	0.000613378	0.0128793	0.0279106	0.00434629	0.0732444	0.12621	0.0632959	0.00837181	0.0239576	0.271535	0.00858085	0.0937375	0.0841528	0.017028	0.0222552	
0.039511	0.245846	0.0092798	0.0614384	0.00272499	0.0506622	0.0776151	0.061179	0.0643104	0.00787518	0.0491606	0.00855232	0.0342989	0.00598193	0.00611779	0.0975759	0.0134608	0.153881	0.0048541	0.00567432	
0.0488236	0.0379615	0.0472545	0.0226753	0.00841001	0.0478289	0.0212398	0.168493	0.150493	0.0336024	0.00836944	0.100762	0.0106502	0.00565275	0.0452234	0.00270117	0.0132045	0.0506093	0.147963	0.0280827	
0.0685739	0.0389159	0.0790858	0.00891739	0.11059	0.011507	0.0139525	0.00203513	0.108207	0.0163605	0.0391875	0.0461463	0.00617027	0.0338643	0.0787979	0.0390493	0.157656	0.0356343	0.0057694	0.0995791	
0.0534687	0.0263696	0.0111709	0.0330456	0.0427369	0.0963254	0.000975525	0.00741034	0.157493	0.0886486	0.0218009	0.0304556	0.0282019	0.0576191	0.0296772	0.0122296	0.0714001	0.10224	0.0213701	0.107361	
0.0937665	0.0328867	0.053459	0.00908737	0.03157	0.0315076	0.0532066	0.0223115	0.112976	0.00769545	0.124314	0.00553266	0.0460815	0.0493408	0.0929248	0.00803141	0.00197046	0.0451421	0.116315	0.0618807	
0.0911052	0.0330591	0.0704525	0.0867433	0.0293245	0.0203444	0.0762188	0.0646598	0.011525	0.0631579	0.0554873	0.0287155	0.16917	0.00112461	0.0862242	0.0126382	0.00236868	0.047477	0.0304352	0.0197683	
0.0342838	0.0506819	0.18367	0.0217343	0.0139478	0.0642759	0.14948	0.0540694	0.00939892	0.020485	0.0260799	0.094449	0.0579409	0.0113639	0.00952777	0.11992	0.0094692	0.0078032	0.0271284	0.0342913	
0.0105306	0.0716366	0.0232057	0.0576033	0.0772396	0.137443	0.0131857	0.038149	0.00964051	0.00997507	0.14986	0.0143711	0.0690514	0.0240971	0.0196943	0.0773028	0.0489042	0.0235859	0.0695827	0.054941	
0.0746677	0.0262348	0.0167581	0.0599903	0.120778	0.0521456	0.0292929	0.101267	0.182182	0.00509602	0.00977345	0.0222009	0.0271719	0.0766855	0.0290014	0.0164468	0.0462317	0.0560095	0.0459707	0.00209549	
0.0376448	0.018798	0.0714385	0.0335065	0.0246658	0.0622608	0.125755	0.187114	0.0172845	0.00951011	0.0762455	0.0292018	0.0797987	0.0144708	0.0228037	0.0143591	0.0127661	0.10444	0.0457704	0.0121659	
0.0460473	0.0777437	0.0474405	0.0665489	0.041744	0.00234366	0.0153373	0.0633254	0.0271101	0.168046	0.132175	0.000855885	0.0737882	0.0104644	0.109423	0.0699348	0.00292352	0.00254763	0.00894047	0.0332602	
0.0735021	0.0987591	0.0598866	0.0152825	0.0708511	0.0439793	0.0298727	0.00821798	0.071329	0.000364328	0.0231095	0.00413932	0.00347486	0.0191523	0.155904	0.0583506	0.169841	0.0560768	0.021686	0.0162208	
0.0463536	0.0254248	0.0413955	0.0147998	0.00956383	0.254829	0.0962245	0.0366762	0.00769066	0.0172154	0.00650031	0.0320707	0.0301115	0.0262053	0.047498	0.0238792	0.0928571	0.0147003	0.149203	0.0268016	
0.0173994	0.0132876	0.0273913	0.164484	0.0114237	0.0250233	0.0112607	0.00275061	0.00196784	0.0252171	0.0599423	0.00510944	0.05175	0.0048823	0.0374335	0.156028	0.00906492	0.132911	0.230577	0.012097	
0.0419441	0.150251	0.0668939	0.159359	0.0779146	0.00929666	0.0264624	0.0795496	0.000939887	0.0652966	0.0013885	0.045647	0.0289724	0.0722965	0.0766959	0.0240671	0.00140092	0.0128128	0.0049758	0.0538351	
0.0128154	0.00922248	0.0719327	0.111555	0.0852565	0.0218974	0.031944	0.0768742	0.00520537	0.11412	0.124168	0.0464644	0.0164666	0.0772933	0.0419581	0.0268501	0.00256162	0.022026	0.0548808	0.0465086	
0.185742	0.247266	0.0299556	0.0740201	0.0598376	0.0272903	0.0374767	0.0761167	0.0414309	0.00938784	0.00335941	0.023185	0.0107723	0.0304857	0.0177491	0.0192002	0.0448476	0.00612882	0.00958016	0.0461681	
0.0183275	0.00514368	0.0916057	0.13201	0.0365811	0.0304791	0.0470054	0.0871371	0.0331139	0.0241817	0.119015	0.00305221	0.0408529	0.0128664	0.0986739	0.0015109	0.0283877	0.0829388	0.0959886	0.0111281	
0.0631627	0.0194841	0.0647121	0.0362941	0.0258637	0.0127571	0.0684831	0.0575616	0.0145639	0.0709867	0.0458126	0.16883	0.0365462	0.00551934	0.0170298	0.0143254	0.115195	0.0392513	0.0622679	0.061354	
0.0231397	0.028788	0.087064	0.00230004	0.00715233	0.11822	0.105981	0.0167022	0.00672443	0.0610581	0.0714653	0.0696803	0.0952644	0.0112393	0.030744	0.0323586	0.0801156	0.0798116	0.010626	0.0615649	
0.0240078	0.0253421	0.0233603	0.0251907	0.0458926	0.170179	0.038326	0.0630448	0.0412284	0.00219611	0.0450835	0.0672713	0.0231617	0.0501321	0.0150784	0.146985	0.0354549	0.0353118	0.0890467	0.0337062	
0.0808109	0.0798965	0.0142256	0.0237443	0.0198643	0.0803208	0.147784	0.0488562	0.00515965	0.0391152	0.0494335	0.00974349	0.0457649	0.0322185	0.0744265	2.07288e-05	0.0829043	0.0937997	0.00807886	0.0638322	
0.149053	0.0294611	0.0474951	0.0189116	0.0722011	0.099454	0.0284266	0.0843503	0.0291334	0.117046	0.0133923	0.023263	0.00558086	0.0486292	0.00993189	0.0918182	0.0118715	0.0930057	0.00512958	0.0218452	
0.0338048	0.0992132	0.0579109	0.0642254	0.0467907	0.0265793	0.079431	0.0253284	0.171847	0.0264759	0.0511186	0.0208444	0.0155924	0.0111002	0.0484088	0.0139769	0.0244555	0.00267646	0.0235286	0.156691	
0.0284851	0.163463	0.00378718	0.0494131	0.00741718	0.104394	0.0125286	0.0314968	0.0570838	0.104842	0.0107658	0.0156894	0.0231763	0.0177814	0.032465	0.158074	0.127292	0.0287749	0.0127461	0.0103245	
0.192203	0.0348007	0.116874	0.123931	0.111117	0.012092	0.0149157	0.0104676	0.0156637	0.0104883	0.0369399	0.030303	0.0183795	0.00594984	0.00986392	0.0258818	0.122252	0.0695804	0.0197103	0.018586	
0.0871211	0.104696	0.0606308	0.0409345	0.140568	0.0158937	0.00676868	0.0731498	0.0363586	0.0209874	0.0712329	0.0357613	0.0553807	0.0259785	0.0156756	0.0524247	0.0158338	0.0370453	0.0854967	0.0180615	
0.0351165	0.0598797	0.0018986	0.0601717	0.00435396	0.0230404	0.0150173	0.0330521	0.0148014	0.112419	0.0224247	0.00415507	0.0131161	0.0101703	0.342017	0.0474859	0.0533624	0.0338405	0.0082105	0.105467	
0.0661775	0.0836995	0.05763	0.0659954	0.0272361	0.0635901	0.0705026	0.0136225	0.0392909	0.000129307	0.0256875	0.0617978	0.0389398	0.125573	0.020971	0.114678	0.00113163	0.0415552	0.019309	0.062483	
0.0271853	0.0358926	0.00903171	0.117806	0.199312	0.00226072	0.011679	0.0638495	0.0579611	0.00406232	0.0684192	0.0831962	0.049514	0.0341971	0.00212861	0.027949	0.138336	0.00144535	0.0466716	0.0191032	
0.0979619	0.0181032	0.0078952	0.00562838	0.00368997	0.0121228	0.0276671	0.157935	0.00917147	0.0272356	0.0329847	0.00724521	0.265251	0.180294	0.0365234	0.0243437	0.0317814	0.0116427	0.0405313	0.00199212	
0.0865923	0.0373331	0.0683793	0.063798	0.0588579	0.0914243	0.0660248	0.101228	0.115053	0.0769445	0.0574903	0.00527855	0.0216344	0.056217	0.00400076	0.0144854	0.00411881	0.0125282	0.00543774	0.0531742	
0.0151004	0.0048	0.068266	0.0800774	0.121409	0.000383234	0.0650127	0.0258171	0.00200498	0.218726	0.0419753	0.00905966	0.0565491	0.127892	0.0306899	0.0168242	0.0219346	0.0525906	0.0293002	0.0115877	
0.0576299	0.0629163	0.000755062	0.041208	0.109733	0.0698094	0.0233371	0.0263799	0.0670459	0.031414	0.0611512	0.0869918	0.0257187	0.0865571	0.00776488	0.00013109	0.0233242	0.0576285	0.0299688	0.130535	
0.0385287	0.0229746	0.00708151	0.26967	0.0338852	0.00194797	0.115284	0.00679432	0.0437369	0.0504729	0.00393377	0.0157915	0.00849924	0.019779	0.143696	0.0238645	0.0505551	0.00112662	0.0297307	0.112648	
0.0521307	0.0294324	0.112776	0.0199572	0.0324069	0.0757946	0.132407	0.00261116	0.0134743	0.0324417	0.000815591	0.0291091	0.0895944	0.0824772	0.0451431	0.0304191	0.0272414	0.0391232	0.0814349	0.0712097	
0.0305351	0.0223204	0.0238608	0.00984301	0.0291859	0.148664	0.0725854	0.0292619	0.012563	0.0231343	0.028449	0.0411573	0.00273825	0.111329	0.0396418	0.191271	0.0327704	0.0404089	0.0107836	0.099497	
0.0123428	0.0435185	0.0966653	0.0101716	0.163162	0.0245777	0.0617121	0.0654771	0.00609098	0.026707	0.0580738	0.107892	0.0446959	0.0360127	0.0199447	0.186941	0.00400374	0.0049178	0.000696855	0.0263963	
0.0866992	0.0800213	0.0628183	0.0918765	0.0317442	0.104604	0.0442818	0.0941687	0.0737652	0.0201348	0.0475733	0.0173592	0.001814	0.064185	0.0393881	0.0434156	0.031691	0.00959968	0.0218322	0.0330282	
0.0640487	0.0192982	0.0301436	0.034305	0.0180461	0.0727558	0.0367977	0.179389	0.00576242	0.0568256	0.036543	0.0231469	0.0431606	0.0204967	0.00330202	0.105776	0.00734055	0.163789	0.0156525	0.0634206	
0.0487527	0.0456138	0.0683821	0.0627793	0.000523147	0.0434103	0.0475776	0.0408557	0.128418	0.14814	0.0139352	0.0506385	0.0626136	0.0377124	0.0962588	0.00421055	0.00042772	0.0183661	0.0633651	0.0180189	
0.122861	0.0116127	0.0186737	0.0134713	0.0875247	0.0591974	0.0150848	0.0082179	0.0135877	0.0430314	0.0853309	0.00751269	0.0352715	0.0453016	0.0593299	0.0575747	0.0112647	0.0164851	0.239645	0.0490213	
0.0120934	0.032013	0.00608446	0.06251	0.00115347	0.0313073	0.0457328	0.161241	0.00388463	0.0469319	0.0256178	0.0632868	0.11731	0.0412751	0.0216048	0.0637409	0.0923065	0.0222957	0.0708462	0.0787642	
0.0540871	0.0707499	0.0279189	0.0634305	0.00133298	0.0445918	0.132462	0.011369	0.00531689	0.107879	0.0252696	0.0531144	0.0444205	0.0331074	0.103992	0.00228817	0.110696	0.00972078	0.0650297	0.0332233	
0.0606223	0.139292	0.0460141	0.0235921	0.0285033	0.057579	0.0194364	0.139263	0.0884571	0.00551981	0.0174682	0.0157303	0.0714246	0.0137386	0.0768219	0.0387906	0.0266026	0.0040519	0.108897	0.0181955	
0.0184707	0.0441641	0.0234676	0.0149202	0.0290608	0.124316	0.0361916	0.0422992	0.0664505	0.0152281	0.0758377	0.00939752	0.0797373	0.0516272	0.0916703	0.0465749	0.147479	0.0346707	0.0331698	0.0152668	
0.0563378	0.0503228	0.0849935	0.0148937	0.00870697	0.0848109	0.00671029	0.0257249	0.0775484	0.0129171	0.00427728	0.000614717	0.140046	0.162329	0.0308733	0.0307257	0.00324333	0.129768	0.0155597	0.0595959	
0.101356	0.058907	0.199627	0.0180189	0.00266136	0.132098	0.0596117	0.0178734	0.0328399	0.0754491	0.0301146	0.0298281	0.00239479	0.0285347	0.0473171	0.0401268	0.0650863	0.0342831	0.00529572	0.0185758	
0.0598813	0.0163979	0.0603156	0.00462874	0.0740329	0.0729243	0.0190608	0.00313884	0.11776	0.0669297	0.0427729	0.0970301	0.00125759	0.0177848	0.00728268	0.0669822	0.0209978	0.0839126	0.107503	0.0594062	
0.02727	0.0951992	0.0815624	0.0304912	0.0097322	0.0735079	0.0150211	0.00746859	0.00926815	0.0202836	0.0845189	0.0572135	0.0969592	0.0559369	0.0507647	0.0509327	0.0405324	0.0796591	0.00789062	0.105788	
0.0168264	0.0284553	0.0259208	0.0156464	0.0413266	0.0410151	0.0229972	0.077703	0.0267946	0.0692833	0.0146378	0.156274	0.140865	0.116907	0.0312744	0.0358009	0.016981	0.00106928	0.072974	0.0472468	
0.00184742	0.0696216	0.083992	0.202311	0.0383943	0.0312647	0.00215453	0.0488186	0.0132018	0.000645783	0.10236	0.024637	0.0310828	0.104831	0.0151303	0.100661	0.0076228	0.0253934	0.081164	0.014867	
0.0619414	0.070039	0.0592545	0.0774437	0.0216228	0.075471	0.0265141	0.0130477	0.0893498	0.0638061	0.0759885	0.034314	0.0783242	0.0706214	0.0384818	0.0505673	0.0238137	0.00107352	0.0610162	0.00730945	
0.0149232	0.121353	0.0146848	0.014254	0.0775593	0.017676	0.00985663	0.0483492	0.0253527	0.0706489	0.0170003	0.0315848	0.012577	0.0782996	0.0156005	0.0507993	0.16269	0.0253913	0.174997	0.016403	
0.00453657	0.0117671	0.0167699	0.0380868	0.022426	0.0433019	0.0049642	0.0510864	0.00605956	0.0247091	0.0140613	0.110313	0.121027	0.0204564	0.109413	0.069054	0.0341615	0.0133166	0.205205	0.0792853	
0.00182962	0.0391109	0.0094776	0.0383036	0.0289853	0.0507531	0.0252279	0.000151414	0.0775787	0.110263	0.0268151	0.057153	0.0597131	0.0213521	0.0482524	0.0229474	0.295751	0.0278863	0.0200929	0.0383552	
0.0414271	0.0356416	0.0779758	0.0358246	0.0369451	0.0361404	0.0544962	0.0313795	0.458967	0.00652717	0.0229518	0.0121915	0.0500356	0.0328206	0.00760211	0.0082328	0.00851321	0.0227321	0.00182495	0.0177707	
0.031335	0.11953	0.00788959	0.111371	0.0181728	0.0449357	0.0605642	0.00359666	0.0101255	0.0377282	0.0424241	0.00800373	0.0340074	0.0288157	0.0188495	0.068132	0.0127496	0.22259	0.0664945	0.0526853	
0.0417846	0.0828723	0.0117556	0.0375824	0.00724933	0.00311052	0.162639	0.0231585	0.0981723	0.0187996	0.0345318	0.200618	0.0533354	0.0296611	0.00626189	0.0242546	0.0930932	0.0395196	0.0191645	0.012436	
0.00386268	0.0535954	0.0772421	0.0134498	0.0601164	0.120998	0.0678951	0.000346216	0.0258946	0.207493	0.0268149	0.0238307	0.0384279	0.0851277	0.0758048	0.0307067	0.0416862	0.00352802	0.0391251	0.00405397	
0.00270415	0.0036025	0.0626077	0.0591256	0.0507883	0.0137486	0.0355636	0.0624254	0.0105519	0.0953437	0.0694435	0.1175	8.2125e-05	0.121144	0.0128365	0.0846095	0.0879703	0.0420349	0.0446029	0.0233147	
0.0435608	0.144494	0.0301234	0.0248206	0.0650491	0.0209669	0.0394755	0.0250737	0.0192767	0.0843566	0.0750283	0.00209885	0.0850399	0.00869688	0.0184737	0.00765406	0.136161	0.0402051	0.12055	0.00889427	
0.101588	0.0193276	0.0963254	0.00626011	0.0920954	0.0243528	0.067202	0.0717071	0.0256565	0.0230297	0.0370194	0.00110056	0.000126214	0.000254803	0.082856	0.0428134	0.0083029	0.274463	0.00231157	0.0232077	
0.0138564	0.0110037	0.00382896	0.00620093	0.00911211	0.00904522	0.196398	0.0117008	0.0493643	0.0143104	0.150564	0.120621	0.0636413	0.0493289	0.040626	0.108971	0.0475763	0.0154303	0.0113935	0.0670275	
0.00668038	0.11762	0.0101113	0.0276286	0.164735	0.081684	0.0767652	0.0429323	0.0141118	0.0119216	0.0361869	0.0162051	0.0121923	0.0292534	0.0477957	0.0441505	0.0428002	0.0363891	0.104768	0.0760683	
0.0121507	0.000380742	0.269009	0.120124	0.0132499	0.0409228	0.00872188	0.0147284	7.30881e-05	0.00197529	0.0804241	0.00674351	0.00646193	0.0073038	0.059901	0.0675224	0.123457	0.00464227	0.0572398	0.104968	
0.000958211	0.099098	0.0867949	0.0797297	0.0681047	0.0384797	0.00132361	0.0223369	0.0112481	0.00201342	0.096976	0.103911	0.0285696	0.0567675	0.00154646	0.0950124	0.0719052	0.0447017	0.0430221	0.0475008	
0.0488912	0.135981	0.111679	0.0108994	0.0532975	0.0484014	0.0253221	0.0988309	0.0831011	0.0306069	0.00109146	0.0548055	0.00160517	0.0219142	0.0400182	0.0196735	0.0427572	0.0249489	0.0211616	0.125014	
0.0358254	0.0340104	0.0285021	0.100247	0.0363541	0.0229623	0.0288679	0.03485	0.0170152	0.0296118	0.111895	0.0804815	0.0585557	0.0333116	0.0606383	0.00633981	0.0632217	0.0183635	0.0530434	0.145903	
0.000543667	0.298768	0.0119288	0.0588291	0.0917932	0.0435363	0.082105	0.00745009	0.0351038	0.000369632	0.107916	0.0925053	0.0065559	0.000112225	0.0210527	0.0208017	0.00682376	0.0483177	0.0636076	0.00187979	
0.0430553	0.0142415	0.0060921	0.162462	0.0677667	0.00264765	0.069291	0.0205769	0.033377	0.0320506	0.0568541	0.0120004	0.0412465	0.00881542	0.164587	0.0557355	0.153036	0.021637	0.0134468	0.0210806	
0.0236911	0.0523022	0.00176075	0.00682273	0.0462928	0.0486419	0.0383725	0.01283	0.120153	0.0245808	0.0128107	0.00668523	0.0921694	0.00953617	0.22365	0.07641	0.10976	0.00363507	0.0427793	0.0471159	
0.0394016	0.273757	0.0154715	0.00929578	0.0850352	0.00928301	0.00839164	0.0441618	0.0655396	0.00222737	0.0157278	0.0146851	0.0095542	0.114832	0.0176448	0.054786	0.00660829	0.0782988	0.109079	0.0262182	
0.121743	0.0984165	0.0228493	0.0866737	0.0954467	0.0120468	0.106874	0.0280424	0.0263366	0.005014	0.0104483	0.121774	0.000902184	0.0232672	0.0120867	0.0662978	0.0622079	0.0170996	0.0260548	0.0564185	
0.00516124	0.00111373	0.000354749	0.0347204	0.00846282	0.153027	0.057288	0.192054	0.00933727	0.0238673	0.0107185	0.0247601	0.0400133	0.0230471	0.0471459	0.00974988	0.171537	0.0729144	0.111444	0.00328408	
0.170984	0.0314189	0.0394298	0.0153145	0.0146475	0.0281897	0.0107757	0.0419003	0.00484871	0.0894146	0.0296181	0.0119779	0.0169676	0.0226379	0.00792882	0.015306	0.00392605	0.234547	0.197042	0.0131255	
0.0317821	0.0578229	0.0105988	0.0376887	0.00220909	0.0684676	0.070307	0.0890193	0.0648684	0.00412337	0.0482565	0.00376415	0.0886553	0.0430711	0.00400861	0.0100961	0.0869276	0.0604607	0.167458	0.0504144	
0.126923	0.00770562	0.0570598	0.0119823	0.198643	0.0119751	0.0487137	0.00201065	0.0216393	0.202798	0.00332876	0.00988174	0.015473	0.00194884	0.0214743	0.00691639	0.0837835	0.149186	0.0130076	0.00554902	
0.0397835	0.0901605	0.0135577	0.0215023	0.0135238	0.288222	0.0323237	0.053643	0.0454797	0.0276701	0.0125044	0.0487578	0.0475072	0.0202373	0.08531	0.0154502	0.00398448	0.098958	0.0203466	0.021078	
0.0201284	0.0451344	0.0547833	0.0295289	0.0929669	0.137198	0.0433703	0.0406705	0.0264954	0.000276461	0.0407824	0.0882348	0.0305682	0.0589109	0.0755005	0.0378445	0.0627153	0.031272	0.0338193	0.0497995	
0.0955348	0.0914647	0.0772055	0.0117015	0.0306108	0.0192575	0.0673304	0.0728986	0.0219844	0.025742	0.0358861	0.0397051	0.083394	0.0454582	0.106177	0.0200174	0.00750527	0.040309	0.0770245	0.0307933	
1.60703e-05	0.00341492	0.0127518	0.0375276	0.0343189	0.0440412	0.0590879	0.00268093	0.134674	0.0251517	0.0819598	0.00463707	0.0108526	0.15262	0.0305272	0.0166977	0.00189153	0.127217	0.0937773	0.126155	
0.0833057	0.00919129	0.0282214	0.0902312	0.0154458	0.088401	0.00457632	0.14715	0.00345876	0.0372675	0.118046	0.0356702	0.0163792	0.0382873	0.112031	0.0303108	0.0702648	0.0225973	0.0438341	0.00533053	
0.127712	0.0190756	0.0931341	0.0132511	0.0428681	0.176955	0.017359	0.0201838	0.058313	0.0523926	0.0150802	0.0711027	0.0345413	0.0223847	0.0463707	0.043692	0.077829	0.0285817	0.024357	0.0148169	
0.236794	0.0236306	0.0566165	0.0282853	0.0551211	0.0562494	0.0125256	0.0596433	0.00697891	0.143462	0.0164725	0.0181986	0.00858452	0.0537927	0.0110989	0.0711125	0.0424803	0.0303701	0.0660596	0.00252316	
0.106025	0.019181	0.122964	0.0688012	0.0905721	0.122917	0.04796	0.0236562	0.0897277	0.0236145	0.0638789	0.00870119	0.0265296	0.0153313	0.0117908	0.065371	0.0455638	0.0231183	0.00788662	0.0164094	
0.0500126	0.00449778	0.164442	0.0797628	0.0114765	0.0152912	0.0672962	0.0868329	0.0437806	0.12918	0.0367008	0.004964	0.0387322	0.00376585	0.120267	0.0612084	0.0476008	0.0111053	0.012174	0.0109096	
0.0207367	0.147976	0.0285516	0.0172562	0.109992	0.0144291	0.00369132	0.152052	0.0661303	0.0143859	0.0398222	0.0132952	0.000537579	0.00512214	0.0944951	0.0218381	0.00794264	0.200063	0.015227	0.0264555	
0.0357219	0.0887117	0.0436346	0.00675193	0.0352767	0.0369759	0.00352685	0.00295643	0.111161	0.179072	0.0617578	0.0480667	0.0020322	0.0555306	0.0109797	0.0346836	0.131873	0.00430053	0.0349133	0.0720734	
0.0236762	0.0485903	0.0107574	0.0254019	0.0296786	0.0978188	0.0157734	0.0428087	0.0121679	0.0303952	0.0621756	0.107228	0.00193265	0.0568877	0.0201775	0.0712856	0.0467903	0.112434	0.130012	0.0540084	
0.0295327	0.020815	0.0413304	0.0161017	0.0313377	0.116756	0.111706	0.0412411	0.0897403	0.041734	0.00201515	0.190085	0.0370555	0.035856	0.0238622	0.0254779	0.0404242	0.0133819	0.00441142	0.0871359	
0.00509269	0.00203042	0.0572859	0.0209323	0.0454092	0.102464	0.0300415	0.0271011	0.0436449	0.209712	0.0769073	0.00647375	0.0125256	0.103608	0.0167808	0.0616178	0.11918	0.00944653	0.0343432	0.0154038	
0.0145983	0.0905799	0.0405223	0.013015	0.000581276	0.0378745	0.0847356	0.0517375	0.0334379	0.0765835	0.134239	0.0363551	0.0373667	0.0282101	0.0782664	0.0310777	0.0409564	0.0886668	0.00395477	0.0772419	
0.0203894	0.00539301	0.0155201	0.0332346	0.0223755	0.0176065	0.0380322	0.203878	0.00500637	0.0208213	0.00325052	0.0290486	0.106672	0.0578048	0.00855361	0.0921375	0.129943	0.00844175	0.0950981	0.086793	
0.101368	0.0144164	0.0108923	0.0795897	0.108094	0.00956101	0.0601194	0.00868789	0.115768	0.0102071	0.103412	0.0445501	0.0250351	0.00790849	0.023734	0.138639	0.0239821	0.0089478	0.102387	0.00269954	
0.00582998	0.112789	0.0290837	0.0288705	0.0151209	0.000394136	0.0751408	0.0862996	0.000616662	0.0513249	0.132126	0.0392129	0.0147033	0.011794	0.0104237	0.0119018	0.177648	0.0400141	0.144538	0.0121684	
0.123799	0.00221655	0.0655264	0.00235695	0.0372612	0.0415247	0.238336	0.00890206	0.027602	0.133855	0.000318689	0.0748029	0.0125637	0.018546	0.0820077	0.00552012	0.0354288	0.0318004	0.0157485	0.041884	
0.00212454	0.0249265	0.0516694	0.0399857	0.26749	0.042739	0.017525	0.0149986	0.0331381	0.0809934	0.0121813	0.0343436	0.140655	0.0286391	0.0130111	0.0626217	0.00461813	0.0324835	0.0374259	0.0584297	
0.0202544	0.160856	0.0213111	0.00186857	0.031531	0.108956	0.163714	0.0842172	0.0177384	0.00108386	0.065019	0.0643933	0.0404448	0.00798101	0.0328442	0.039363	0.0699174	0.0053835	0.0595618	0.00356131	
0.0855316	0.0077899	0.0307794	0.10255	0.010666	0.0833631	0.0784319	0.0430336	0.0121247	0.0179722	0.0281098	0.0382129	0.0415308	0.127785	0.00998122	0.113685	0.0847017	0.0476138	0.0296095	0.00652784	
0.0740681	0.0354665	0.0630151	0.021833	0.0509399	0.101375	0.0122665	0.000895147	0.00667615	0.0355398	0.0122491	0.127321	0.0127504	0.0646949	0.189832	0.0380092	0.0396116	0.0204218	0.0530454	0.0399904	
0.0737821	0.0465921	0.0717387	0.0876735	0.0207657	0.0269452	0.0706137	0.198555	0.0140312	0.0115949	0.0170944	0.0339686	0.0109199	0.0115767	0.00807548	0.0221739	0.198832	0.0254659	0.0249483	0.0246523	
0.0404725	0.104272	0.0476348	0.0617415	0.0705206	0.0997261	0.0377553	0.0337417	0.00985505	0.0840697	0.0849926	0.158978	0.0289558	0.00931347	0.0501869	0.00408357	0.00711005	0.0304042	0.0331455	0.00304068	
0.0342712	0.0179777	0.139837	0.0223442	0.00533682	0.0105646	0.109953	0.00557603	0.0356941	0.0223788	0.00938608	0.147791	0.0374656	0.0921868	0.0555925	0.151316	0.02042	0.0727182	0.00100748	0.00818279	
0.0634904	0.00785802	0.0282727	0.0872456	0.0111336	0.0397211	0.0292844	0.208122	0.026847	0.107552	0.142829	0.0586129	0.0728633	0.01693	0.0334951	0.0304343	0.0157675	0.00713935	0.000262278	0.0121389	
0.0734619	0.0263125	0.0303076	0.0136128	0.0850252	0.0213314	0.0033071	0.0349	0.0525023	0.0358467	0.020261	0.00481483	0.0288536	0.180478	0.0755673	0.0170771	0.00895951	0.158607	0.0167556	0.112018	
0.0124628	0.0207382	0.0504107	0.0213104	0.0874966	0.0101474	0.0747312	0.0602317	0.00214781	0.011668	0.0106618	0.16383	0.0193234	0.103834	0.111996	0.110375	0.0682082	0.000560846	0.0361655	0.0237003	
0.102025	0.00664131	0.0200062	0.0209236	0.0013605	0.179126	0.00738191	0.0279929	0.0434558	0.0678972	0.0218306	0.0665243	0.00738581	0.0108848	0.160931	0.00237226	0.0311543	0.0207285	0.141048	0.0603296	
0.0152212	0.0473934	0.00605245	0.00933343	0.0153395	0.0349742	0.0866879	0.0200459	0.0092899	0.00151569	0.167041	0.176065	0.0129181	0.0162266	0.0529406	0.0163632	0.0486477	0.0162051	0.152731	0.0950084	
0.0311676	0.00103567	0.0149968	0.0450148	0.0267689	0.00616185	0.0774594	0.0730362	0.00260448	0.0205881	0.0657155	0.0500606	0.0793376	0.0162233	0.0118483	0.275072	0.0349059	0.00259369	0.0952411	0.0701686	
0.115364	0.0669669	0.0233289	0.0304202	0.120042	0.00994454	0.0250491	0.0115146	0.0761894	0.0376099	0.00712942	0.0328521	0.02022	0.0145457	0.0182223	0.0857507	0.0511184	0.0910686	0.112358	0.050305	
0.000227357	0.0067171	0.00267716	0.0200443	0.0639937	0.00236594	0.0904515	0.0948855	0.0459344	0.0280709	0.000962996	0.106811	0.0194322	0.106549	0.00869394	0.0793986	0.00875069	0.0332891	0.0100403	0.270704	
0.0530965	0.0313413	0.00761491	0.0198477	0.0198802	0.0355318	0.069926	0.0260076	0.0649733	0.0519816	0.0528512	0.121315	0.0816996	0.0164021	0.00921951	0.0610977	0.0614819	1.72078e-05	0.0967051	0.11901	
0.0305652	0.137089	0.0153395	0.0589751	0.0979575	0.00332893	0.00164987	0.048724	0.0083979	0.0196625	0.000887503	0.00421549	0.03016	0.0330674	0.0279121	0.108814	0.0878666	0.0926553	0.118779	0.0739533	
0.00880438	0.0208106	0.072846	0.062675	0.0234617	0.0585079	0.115787	0.0488762	0.0275882	0.00294314	0.0138291	0.0529772	0.0244514	0.0813405	0.0832201	0.038098	0.0512901	0.0534026	0.0739365	0.0851548	
0.0113185	0.0458977	0.0794122	0.0237107	0.068316	0.00565381	0.00291872	0.0128112	0.205287	0.00343225	0.100519	0.00142568	0.0513449	0.0166984	0.037737	0.0013987	0.149809	0.0942307	0.0837399	0.00433825	
0.217098	0.010026	0.0220849	0.0192899	0.0281233	0.107902	0.0462051	0.0029833	0.0229662	0.0344781	0.0164987	0.0184201	0.0208361	0.0093542	0.0465067	0.0409067	0.0755171	0.0559902	0.200233	0.00458089	
0.0777896	0.03683	0.12931	0.023282	0.0268187	0.0161355	0.0141862	0.00556835	0.050587	0.0332561	0.0217711	0.0455597	0.0691078	0.325256	0.022315	0.0150787	0.0326655	0.031548	0.0164429	0.00649205	
0.00697784	0.0285994	0.0189554	0.00234957	0.107049	0.0674583	0.129479	0.008241	0.00728694	0.0687161	0.0844973	0.149112	0.0263883	0.0120907	0.000219441	0.00726131	0.042164	0.0617045	0.0503719	0.121078	
0.00647421	0.0311923	0.00396836	0.0518342	0.0178144	0.0974536	0.139717	0.0109352	0.00839247	0.0214192	0.0813776	0.0334789	0.00437232	0.168228	0.0395206	0.0142294	0.219498	0.0246728	0.00626351	0.0191574	
0.00876239	0.0348372	0.0370247	0.260205	0.0951342	0.0015194	0.0498259	0.0858812	0.0505197	0.0138184	0.0049958	0.025247	0.00289921	0.0108072	0.0225401	0.117541	0.000248184	0.000916465	0.0965639	0.0807127	
0.0264139	0.00650641	0.153921	0.0599863	0.0122568	0.00616805	0.0915583	0.0920217	0.0652313	0.00535869	0.083797	0.0326705	0.0818345	0.0194102	0.0668072	0.130953	0.0246952	0.0281143	0.00994413	0.00235147	
0.0649699	0.00336641	0.0144473	0.00529073	0.195214	0.0126194	0.0231278	0.027344	0.00651409	0.0274359	0.00916361	0.0460291	0.030143	0.018451	0.0322375	0.168153	0.141961	0.0170228	0.0907481	0.0657622	
0.0718722	0.00611964	0.0219615	0.0379917	0.0318886	0.0512309	0.0171114	0.0824074	0.0476152	0.00751257	0.121856	0.0266843	0.074339	0.0341475	0.0734583	0.0773709	0.0336186	0.134453	0.0179818	0.0303797	
0.051535	0.0159518	0.0450659	0.0116755	0.0157289	0.108902	0.0643628	0.00674845	0.186334	0.198296	0.00214426	0.0323235	0.00454681	0.0122125	0.0732767	0.0160339	0.0424756	0.0292216	0.0200437	0.0631211	
0.0107364	0.0752832	0.0649337	0.0008137	0.0325573	0.0254209	0.141987	0.0290578	0.0477843	0.0546388	0.00486832	0.136155	0.047124	0.0491978	0.0754379	0.0238129	0.0125384	0.0904555	0.0487752	0.0284214	
0.0341514	0.0299722	0.142541	0.0101444	0.0503801	0.0114029	0.0822089	0.023485	0.00791572	0.14343	0.0365649	0.129545	0.0330543	0.09123	0.0221728	0.00258094	0.0253548	0.0908501	0.0201451	0.0128707	
0.0105928	0.00352395	0.197267	0.0273065	0.0225772	0.101541	0.00820257	0.00407228	0.164235	0.000762261	0.000652563	0.0894119	0.0889742	0.0264863	0.0637198	0.0472186	0.0783515	0.0375533	0.0211755	0.00637472	
0.195129	0.113361	0.0978289	0.0707151	0.00519416	0.016561	0.0417324	0.0410256	0.110648	0.0605497	0.0231248	0.0383839	0.0173822	0.034049	0.0295787	0.00661054	0.0455228	0.0231142	0.00430794	0.0251816	
0.157032	0.0336655	0.0385405	0.0346771	0.118674	0.00464327	0.00549057	0.0235107	0.0844352	0.184625	0.0376456	1.83788e-05	0.00139787	0.0665335	0.0357942	0.020155	0.0230797	0.0447635	0.0714955	0.0138222	
0.0490834	0.0456224	0.0554269	0.00799646	0.00734412	0.0277938	0.110995	0.0185324	0.0771243	0.0252485	0.119681	0.102144	0.00164814	0.0437335	0.0573139	0.0372814	0.0245645	0.123834	0.0126648	0.0519676	
0.010523	0.0455448	0.160023	0.0119812	0.0706946	0.00243372	0.00306388	0.00807733	0.152353	0.0799158	0.0465395	0.0790196	0.052004	0.016463	0.00576364	0.129686	0.0161527	0.041841	0.01694	0.0509804	
0.0515088	0.00785073	0.0267515	0.0471828	0.0285445	0.01757	0.041332	0.0328782	0.183134	0.0452941	0.016492	0.00296807	0.087895	0.0825193	0.019855	0.0886479	0.13106	0.0711538	0.00923918	0.00812367	
0.0773359	0.0135571	0.0200803	0.00074455	0.0118236	0.0984151	0.016547	0.0101655	0.000184128	0.0228953	0.0823425	0.133291	0.0535638	0.0676975	0.201962	0.130145	0.0242036	0.00302079	0.016718	0.0153072	
0.0483665	0.0813844	0.0262834	0.00265534	0.0994864	0.0545151	0.017951	0.0542392	0.00558883	0.113109	0.00337037	0.00259323	0.10026	0.040368	0.0313519	0.00528824	0.00895773	0.0697549	0.184764	0.0497121	
0.0952966	0.0450179	0.0215554	0.118589	0.0275876	0.0783134	0.134171	0.039864	0.0516824	0.0496345	0.0988602	0.0395899	0.0309056	0.00291102	0.0126254	0.050339	0.00841593	0.0230303	0.0404581	0.0311526	
0.0922097	0.0655772	9.65875e-05	0.0238047	0.0090794	0.0013974	0.0260271	0.0791097	0.0642738	0.0345992	0.0341568	0.0100204	0.0855557	0.0570059	0.0730553	0.0207251	0.0464207	0.202475	0.0122097	0.0622007	
0.00703664	0.0142199	0.0213397	0.0180624	0.0256735	0.0723595	0.0689911	0.261466	0.0220111	0.0505434	0.0758396	0.0691854	0.00198874	0.0142796	0.0141991	0.015493	0.0814847	0.0890109	0.00462669	0.0721889	
0.017785	0.0299152	0.01036	0.122691	0.0345103	0.00600582	0.0263612	0.0423867	0.130819	0.122801	0.0177917	0.0522019	0.0562572	0.101933	0.0827867	0.041427	0.0276817	0.0522883	0.0161457	0.00785209	
0.100897	0.073021	0.0547659	0.0403882	0.0464213	0.0368176	0.000484597	0.0346444	0.130759	0.0246266	0.00766172	0.005167	0.00123817	0.0662826	0.198133	0.0732951	0.064955	0.0205194	0.0162465	0.00367633	
0.0482518	0.056496	0.0236249	0.158797	0.00471044	0.0106439	0.00301672	0.0885305	0.0461113	0.0469301	0.0253859	0.0690491	0.0482096	0.100944	0.0793616	0.00988823	0.0616725	0.00854394	0.0905659	0.0192666	
0.0328135	0.0264034	0.0700295	0.00651333	0.00880254	0.0162341	0.0212348	0.242643	0.00458688	0.0391576	0.0166816	0.023773	0.0105142	0.0691919	0.0599259	0.0938572	0.179149	0.0209462	0.0503088	0.0072336	
0.0468258	0.0254411	0.195352	0.0206428	0.0237088	0.0304656	0.0807786	0.0397236	0.0828935	0.0447157	0.0959199	0.0135457	0.0443538	0.0134193	0.0809089	0.023181	0.0180649	0.0694529	0.039625	0.0109812	
0.0032005	0.0137021	0.0570426	0.0956169	0.00502167	0.0623206	0.02688	0.0480553	0.0769699	0.0614478	0.0755113	0.0415916	0.0150615	0.00289029	0.0828698	0.121185	0.0846777	0.0581503	0.0283601	0.0394453	
0.0224576	0.084396	0.155922	0.0522419	0.111706	0.0257302	0.0188128	0.021194	0.0819944	0.0168964	0.00158593	0.025836	0.0985573	0.00280754	0.0585719	0.0281041	0.0202512	0.0743995	0.0901437	0.00839213	
0.173936	0.00363621	0.0471117	0.0417642	0.0557104	0.0152678	0.0501677	0.000708947	0.0282301	0.00625613	0.149677	0.0353792	0.0355722	0.0437009	0.0198326	0.0117123	0.0347051	0.0269523	0.20668	0.0129987	
0.041185	0.0317662	0.0186361	0.00108159	0.0481378	0.0817859	7.23831e-05	0.0405674	0.0033988	0.00561889	0.00721831	0.00187989	0.137161	0.0302133	0.0896733	0.072945	0.038827	0.212244	0.0516286	0.085959	
0.0914673	0.00177903	0.0671897	0.0589549	0.0409334	0.0142137	0.00326065	0.0790651	0.00983636	0.0170918	0.0917107	0.0446131	0.238279	0.00352773	0.0153449	0.024256	0.0832741	0.0460714	0.0479311	0.0212005	
0.0786221	0.0372578	0.0341541	0.0320529	0.0500017	0.0619164	0.0309091	0.168125	0.0691977	0.0103358	0.0584475	0.0298944	0.00227088	0.0265641	0.0201144	0.0506499	0.0160468	0.126355	0.0250529	0.0720317	
0.0623142	0.00515025	0.00646027	0.0150517	0.0659254	0.00301844	0.0555514	0.0812476	0.215379	0.0213746	0.000193957	0.0502236	0.00695986	0.13623	0.0425284	0.0347861	0.0336698	0.0917828	0.0462992	0.0258529	
0.105159	0.0306792	0.0110193	0.00896132	0.0315979	0.00663541	0.096282	0.0353127	0.132208	0.0504733	0.00456222	0.0553134	0.0562537	0.0133459	0.0495371	8.66919e-05	0.0229085	0.0560249	0.124846	0.108793	
0.0236889	0.0819294	0.0274904	0.0449482	0.0203377	0.243099	0.0351972	0.100045	0.0426993	0.0339565	0.0195283	0.00282889	0.0182204	0.0712801	0.000628774	0.07118	0.00605425	0.0375717	0.047774	0.0715421	
0.0746151	0.0347264	0.0198837	0.0164996	0.0784781	0.0328274	0.0116007	0.0391356	0.0427737	0.0128645	0.0511262	0.0405248	0.0321607	0.00891655	0.0449881	0.0304242	0.0524499	0.084052	0.198267	0.0936856	
0.00632144	0.0268738	0.0444569	0.0395846	0.280841	0.0429191	0.0279675	0.0120239	0.0120482	0.0135559	0.044644	0.0782957	0.00943539	0.015985	0.0421167	0.0383024	0.106609	0.00712813	0.025207	0.125685	
0.0442563	0.0139379	0.0835348	0.0628786	0.0451021	0.00991272	0.0408995	0.00911633	0.0227346	0.0210828	0.127216	0.0268128	0.049911	0.0664528	0.101292	0.0432744	0.121665	0.106247	0.000967129	0.00270619	
0.0446384	0.0282922	0.0276531	0.0892652	0.00281709	0.0363626	0.0245388	0.150985	0.0153182	0.00653501	0.082827	0.000499244	0.000735176	0.0904363	0.0212372	0.123374	0.245257	0.00549563	0.00265461	0.00107843	
0.00708145	0.00662299	0.0173693	0.0413947	0.262198	0.159182	0.00868444	0.0501608	0.0522646	0.0189624	0.0200312	0.0438906	0.0293192	0.0213913	0.0198953	0.0292056	0.136607	0.0151472	0.0547549	0.00583708	
0.0103659	0.131531	0.00312771	0.0105674	0.12021	0.0888385	0.0286062	0.0533178	0.114538	0.030766	0.025274	0.024263	0.0191991	0.0136151	0.0468026	0.0135935	0.153888	0.0125036	0.013649	0.0853426	
0.0013703	0.0189489	0.0608983	0.0295949	0.00319655	0.0365135	0.100665	0.0716593	0.0528696	0.105429	0.00284753	0.0668981	0.0781561	0.00797801	0.00524054	0.15675	0.0228542	0.00728777	0.0985115	0.0723307	
0.054572	0.0199737	0.103317	0.0208034	0.126722	0.0305708	0.0133576	0.152786	0.0172026	0.0062556	0.0216247	0.0378171	0.0647891	0.121255	0.0113739	0.0193126	0.00571692	0.0498386	0.0182634	0.104448	
0.0116178	0.0484316	0.0725139	0.193531	0.0253644	0.00341239	0.0523427	0.0524653	0.152759	0.0153617	0.0115365	0.0266577	0.00819968	0.0885481	0.00683468	0.100007	0.0632623	0.0125546	0.000441694	0.0541583	
0.10209	0.0316657	0.049022	0.034291	0.0169346	0.0367285	0.155311	0.00391106	0.0366705	0.0262529	0.0214345	0.0179698	0.0344573	0.256025	0.017998	0.00381223	0.0174868	0.0246969	0.00748539	0.105757	
0.0281629	0.0469496	0.123225	0.0777446	0.0423607	0.00194696	0.0592806	0.0700363	0.0415812	0.0310184	0.0873034	0.0198991	0.0389462	0.00195891	0.055961	0.0299626	0.0811253	0.000824981	0.0110362	0.150676	
0.018571	0.00144132	0.000887005	0.101775	0.119007	0.10137	0.0887965	0.0498232	0.00357356	0.0326874	0.0369086	0.0343506	0.0327788	0.0552952	0.105378	0.0510241	0.0385244	0.0214344	0.0903341	0.0160396	
0.0237437	0.0458038	0.0855659	0.148988	0.0098179	0.00937325	0.0494275	0.0530632	0.0876057	0.0098055	0.0463281	0.0254984	0.00678095	0.0532077	0.00929992	0.0471524	0.0576515	0.195623	0.0146281	0.0206357	
0.0266031	0.102738	0.0794249	0.00655654	0.00364858	0.0125221	0.000303062	0.0430892	0.0833916	0.282724	0.125909	0.062628	0.0590866	0.0157055	0.0131767	0.0275042	0.0195974	0.0160381	0.0125205	0.00683312	
0.000648159	0.0514854	0.0826563	0.0420365	0.0566832	0.0475053	0.0138169	0.0881009	0.110607	0.00303017	0.000776877	0.0413963	0.0863158	0.0534032	0.0751521	0.0377559	0.127616	0.00589508	0.0310349	0.0440842	
0.078759	0.0972177	0.0204734	0.0703327	0.025936	0.0167461	0.00644024	0.188111	0.045602	0.0275471	0.00524425	0.00313718	0.0233329	0.0795028	0.0348243	0.0051993	0.0114631	0.162238	0.076551	0.021342	
0.0570558	0.00321129	0.00955044	0.0574516	0.0856893	0.000479918	0.0120393	0.0313602	0.0141711	0.0232788	0.149856	0.0119061	0.0448416	0.123255	0.00115817	0.000767476	0.211019	0.0483638	0.0469039	0.0676411	
0.000748188	0.0602977	0.0835083	0.00239905	0.16743	0.0766264	0.000775647	0.0565179	0.045258	0.0164326	0.0269058	0.0204141	0.0769168	0.0435206	0.0657947	0.114097	0.0398539	0.00581686	0.0752803	0.0214058	
0.0253073	0.142862	0.0210741	0.00473575	0.0569867	0.0358715	0.081056	0.0187434	0.0109722	0.00608735	0.0709328	0.0611474	0.00437544	0.0339166	0.00159413	0.00298268	0.0966275	0.0662494	0.149458	0.10902	
0.00753619	0.00827529	0.0362881	0.0800938	0.083865	0.0362222	0.0456313	0.00372413	0.0632126	0.0501508	0.178778	0.038826	0.0407326	0.11629	0.0215424	0.00519056	0.062628	0.0556156	0.055825	0.00957239	
0.0187891	0.0695925	0.00585051	0.0279518	0.0041624	0.0315888	0.017625	0.0830196	0.0260934	0.00211043	0.208859	0.0618384	0.0455911	0.0255083	0.00978969	0.0360748	0.173358	0.0445228	0.0548442	0.0528302	
0.0177295	0.0190868	0.050868	0.0845807	0.000104456	0.00264785	0.0508278	0.0901207	0.007648	0.0118281	0.0607565	0.0939405	0.158461	0.0432476	0.011891	0.103484	0.0221726	0.0628332	0.0699662	0.0378052	
0.00582712	0.0304505	0.0337286	0.00458005	0.27202	0.0059525	0.0300375	0.0356706	0.0110048	0.0768337	0.0771927	0.0872426	0.0549727	0.0392438	0.0155758	0.0239241	0.0183143	0.0246296	0.112354	0.0404448	
0.0479224	0.018432	0.0491614	0.114942	0.036595	0.034105	0.00200536	0.0599621	0.176402	0.0199475	0.0417867	0.0471098	0.0200578	0.0510096	0.0449641	0.00826781	0.0868539	0.0219203	0.0470063	0.0715493	
0.00220399	0.0270729	0.0479488	0.0146604	0.0163706	0.265451	0.0218819	0.0813138	0.0813499	0.0275319	0.0152795	0.0541291	0.183098	0.0643283	0.000745567	0.0189006	0.0248621	0.00674696	0.00663644	0.039488	
0.115204	0.00319978	0.0504424	0.00471657	0.0196005	0.0238254	0.120492	0.00541171	0.152181	0.0196653	0.0907523	0.135256	0.0448655	0.0236883	0.0045257	0.0545049	0.0210305	0.0614333	0.0438675	0.00533624	
0.00783765	0.0317539	0.0161	0.0599947	0.0771621	0.00457812	0.0755037	0.0562386	0.0817756	0.0579416	0.0493261	0.0770691	0.0149899	0.00354733	0.0474919	0.00388749	0.00355441	0.00297933	0.25487	0.0733988	
0.0209321	0.0636465	0.00280651	0.073426	0.0362413	0.0339142	0.0418927	0.0651795	0.0041299	0.0110256	0.0487802	0.011888	0.0787422	0.0230373	0.010217	0.0274703	0.0916454	0.000792543	0.259347	0.0948858	
0.00767154	0.080251	0.134747	0.170115	0.0229207	0.0176584	0.00250017	0.0888079	0.00413317	0.0182679	0.0565723	0.0299881	0.0128787	0.0539666	0.0341055	0.116644	0.0243398	0.00963171	0.109503	0.00529734	
0.0458016	0.0451795	0.0771367	0.0282976	0.0374971	0.0825673	0.0281421	0.0160356	0.0120853	0.0822991	0.155161	0.0417779	0.053841	0.00597651	0.118403	0.0684275	0.0662901	0.0116293	0.00042671	0.0230257	
0.00691466	0.00376675	0.135468	0.0226396	0.0334068	0.0737654	0.02597	0.00655198	0.021002	0.0540596	0.0375851	0.081451	0.0300999	0.0853937	0.0528702	0.0693828	0.00407698	0.228876	0.00587403	0.020845	
0.0569313	0.0468907	0.00990832	0.0283796	0.0409096	0.0444803	0.0697096	0.0150714	0.0160346	0.0679525	0.194531	0.0927904	0.0101378	0.0100583	0.102009	0.00118587	0.0414946	0.104939	0.000865487	0.0457202	
0.0140933	0.0727605	0.00221429	0.0186566	0.0601093	0.0158187	0.0414459	0.0184869	0.0576366	0.0453858	0.0928967	0.0317872	0.0996502	0.024454	0.0106125	0.0166085	0.0362836	0.0554735	0.0166014	0.269024	
0.00448695	0.0389184	0.0195963	0.121347	0.0757429	0.0140735	0.00889437	0.0231737	0.0277698	0.0894452	0.00821392	0.0405342	0.0757674	0.149722	0.0326312	0.100665	0.00420829	0.0743729	0.00052476	0.089913	
0.105644	0.0915115	0.0284332	0.0168284	0.0154525	0.0143929	0.0560342	0.0350249	0.0159802	0.139702	0.0237766	0.0110223	0.0803115	0.114165	0.00887659	0.00910004	0.138609	0.00192322	0.0279641	0.0652477	
0.113983	0.049247	0.0959794	0.0512308	0.0435983	0.0373067	0.13183	0.0162424	0.0300675	0.0273776	0.115177	0.0337274	0.0308198	0.0578045	0.00131746	0.0211821	0.0623873	0.0379881	0.00971347	0.0330201	
0.132758	0.146082	0.0199572	0.00719954	0.0369584	0.0286481	0.0326951	0.00652958	0.0694192	0.03706	0.00870593	0.241016	0.0323018	0.0180944	0.00428912	0.0900859	0.0106053	0.00506881	0.0289381	0.0435871	
0.086276	0.0092629	0.00323091	0.011767	0.032231	0.111818	0.0373585	0.21231	0.0312109	0.047123	0.0161404	0.0306615	0.0107872	0.211274	0.0141442	0.0113564	0.0627279	0.00379877	0.0133023	0.0432197	
0.0271043	0.0228156	0.0800437	0.0504162	0.063397	0.000961532	0.211583	0.0883983	0.0223975	0.0344935	0.00953902	0.0695757	0.000530667	0.00869433	0.109437	0.0332924	0.00814548	0.132548	0.00734915	0.0192778	
0.00212661	0.137588	0.110044	0.0344666	0.157923	0.141235	0.0553878	0.000352206	0.102558	0.00264879	0.00259946	0.0332014	0.0403286	0.0369284	0.0159056	0.0213246	0.0409676	0.00690185	0.0494518	0.00806071	
0.159274	0.00950194	0.0676262	0.00117544	0.0103975	0.0211372	0.0257648	0.0231911	0.0958754	0.052716	0.107871	0.00458332	0.0504202	0.0326487	0.0990951	0.0365487	0.0579776	0.119909	0.00248253	0.0218037	
0.0651709	0.0127589	0.032235	0.0133275	0.0302605	0.0162703	0.0875825	0.125696	0.00854027	0.000431592	0.18995	0.00330262	0.0472454	0.0224893	0.0302985	0.0274522	0.11444	0.0346496	0.033346	0.104553	
0.0677357	0.0153355	0.0138983	0.105297	0.0823299	0.00272843	0.0302019	0.0384514	0.038748	0.0599318	0.0563291	0.0133026	5.77811e-05	0.00779983	0.00785277	0.0567141	0.0680223	0.136461	0.0392697	0.159534	
0.0691527	0.0186531	0.0106058	0.0226508	0.0772395	0.0140201	0.0654574	0.107032	0.0662817	0.0160544	0.00832151	0.014566	0.335456	0.00649271	0.0675449	0.023168	0.0078902	0.00178534	0.0664122	0.00121513	
0.0528036	0.037362	0.0209782	0.119345	0.00225419	0.0102665	0.0469071	0.0190412	0.0218096	0.0149795	0.0999243	0.00813135	0.0452065	0.0299344	0.0944846	0.0911735	0.138752	0.0309715	0.0635658	0.0521088	
0.0504831	0.0986067	0.0553451	0.00556899	0.0662909	0.00880814	0.0888195	0.0528903	0.0130326	0.0189086	0.00893661	0.0651133	0.0258666	0.0168994	0.0962214	0.00338646	0.138467	0.0326867	0.0666244	0.0870438	
0.00796936	0.00941525	0.138614	0.03348	0.0274778	0.113314	0.190439	0.0156335	0.0598352	0.0467506	0.011932	0.00324983	0.00141626	0.0292233	0.129939	0.0236377	0.0891092	0.0101468	0.000314807	0.0581023	
0.0421618	0.0475503	0.0330331	0.10962	0.0623737	0.0319074	0.00195708	0.00460637	0.0700567	0.144769	0.0104876	0.126901	0.00320394	0.00110793	0.149234	0.0257059	0.00309844	0.0403995	0.0147695	0.0770567	
0.0182936	0.0726672	0.265554	0.0067308	0.0464206	0.0123652	0.056447	0.011035	0.15667	0.0786765	0.0108884	0.00313362	0.0376893	0.0101989	0.110747	0.0091588	0.00261966	0.040721	0.0131903	0.036793	
0.0148119	0.0122302	0.0104973	0.0920461	0.0184506	0.00475051	0.0680045	0.00719516	0.0432356	0.026882	0.0741367	0.00089175	0.0595659	0.0111743	0.0794034	0.0454475	0.000371626	0.0538123	0.309687	0.0674057	
0.0183848	0.0756763	0.105916	0.0439704	0.024177	0.0568398	0.00766616	0.0783422	0.0641129	0.0215964	0.171374	0.064365	0.0573234	0.0146866	0.032454	0.00749458	0.0464581	0.005227	0.0118019	0.0921336	
0.00839279	0.00703547	0.0561545	0.0339929	0.0471346	0.0103206	0.111819	0.0451353	0.00463789	0.114444	0.0776655	0.052551	0.0226981	0.00917497	0.0416938	0.0865791	0.0640945	0.0880385	0.0257753	0.0926628	
0.00972701	0.0403282	0.072143	0.00723957	0.0382462	0.0360828	0.0423499	0.132104	0.0198071	0.120719	0.0126076	0.0466591	0.141481	0.0218693	0.00905926	0.0190162	0.0148607	0.0359954	0.0490038	0.130701	
0.0375566	0.0119777	0.259792	0.0020949	0.050875	0.0186211	0.0592843	0.0555585	0.0179882	0.110904	0.00822615	0.0793566	0.0117165	0.0254056	0.0164008	0.00321423	0.0133489	0.0149185	0.171803	0.0309582	
0.0354131	0.0170419	0.184933	0.0159672	0.00667503	0.00114887	0.174632	0.0586194	0.00403385	0.0152308	0.200385	0.00914892	0.0193677	0.056728	0.0032031	0.054554	0.128813	0.00695289	0.00198309	0.00516988	
0.0268228	0.0590559	0.0427339	0.014424	0.0148827	0.0583574	0.0972565	0.0608135	0.0957317	0.0370483	0.0442941	0.0292905	0.000948898	0.0595799	0.0605744	0.0102305	0.00434792	0.140064	0.0402753	0.103268	
0.0227003	0.13782	0.0355362	0.000623926	0.00693706	0.00724604	0.0167926	0.0931147	0.023494	0.00360899	0.0806887	0.202223	0.0604036	0.00630852	0.00467712	0.0174078	0.0213002	0.0627878	0.102954	0.0933762	
0.0188087	0.00568539	0.0431704	0.0568685	0.198582	0.0404089	0.121385	0.0415289	0.0978593	0.0282616	0.0342521	0.019429	0.0594915	0.0586621	0.0107647	0.0451785	0.00913735	0.0975371	0.00380759	0.0091807	
0.0250128	0.124132	0.0813573	0.0315128	0.0334715	0.0632917	0.0142891	0.0402127	0.0027937	0.0128154	0.017899	0.0940911	0.0454027	0.0795119	0.0171996	0.0260848	0.059866	0.024166	0.0616566	0.145233	
0.0341785	0.0273895	0.0499847	0.0767964	0.0100181	0.00552512	0.0129126	0.177289	0.00916324	0.00942383	0.0199296	0.0413523	0.0666455	0.0611233	0.0243744	0.0487678	0.00484773	0.0173595	0.281347	0.021572	
0.00340106	0.0784199	0.255711	0.054905	0.0686926	0.0891315	0.0187855	0.0287954	0.00190084	0.0467921	0.016729	0.0393067	0.0265325	0.0458681	0.0229188	0.130783	0.00198041	0.0419041	0.022254	0.00518842	
0.0124381	0.0655246	0.00580726	0.0525463	0.00891818	0.0625073	0.0972097	0.0637288	0.0239984	0.0400683	0.217301	0.0202995	0.0449677	0.0517019	0.0210349	0.00702661	0.0135769	0.0793132	0.006053	0.105978	
0.00150194	0.0800527	0.0608145	0.0124826	0.0782019	0.0272516	0.0424925	0.0483481	0.0430066	0.0526095	0.0140769	0.0161429	0.14741	0.0348762	0.0622486	0.152751	0.027624	0.021811	0.0456481	0.0306495	
0.174786	0.0121217	0.0605807	0.0667721	0.018075	0.00893034	0.0192189	0.00585919	0.0222308	0.136068	0.022736	0.0803677	0.0204411	0.155231	0.0586472	0.0244816	0.030606	0.0230649	0.00338109	0.0564	
0.0232949	0.0041935	0.0222688	0.025976	0.0771939	0.00673525	0.0775713	0.0233065	0.0276192	0.00348737	0.0389517	0.220281	0.10499	0.0112906	0.0224105	0.0734998	0.0968722	0.0079533	0.00689634	0.125208	
0.0156805	0.124482	0.00657455	0.0104404	0.0662881	0.126292	0.0318454	0.0575119	0.0300703	0.00395188	0.0319579	0.131459	0.00464651	0.0398778	0.101265	0.0161548	0.0408016	0.0113078	0.00802738	0.141366	
0.0944217	0.0252133	0.0707565	0.0573516	0.0194634	0.0166966	0.0990996	0.0827597	0.0287714	0.0934842	0.0353617	0.0330429	0.040109	0.0389735	0.020036	0.062159	0.0367279	0.0529097	0.00740446	0.0852578	
0.183103	0.00362952	0.0660634	0.114389	0.0321966	0.0172081	0.0932159	0.00555032	0.0100022	0.025976	0.0321479	0.0331289	0.00873474	0.00882995	0.068771	0.00766961	0.0640692	0.109221	0.0537041	0.0623895	
0.00637833	0.0460212	0.106039	0.122071	0.00309019	0.0589703	0.0088184	0.0212713	0.0121713	0.0509869	0.0934558	0.0856269	0.148676	0.00158807	0.0240876	0.0625067	0.0431761	0.0074872	0.000639023	0.0969384	
0.00915795	0.00121658	0.0444057	0.0333787	0.0241957	0.0587816	0.00353756	0.0667795	0.00517283	0.030162	0.103275	0.0926744	0.00649388	0.0397403	0.161384	0.035284	0.0131197	0.0225796	0.172675	0.0759861	
0.0236315	0.0298073	0.23854	0.0102834	0.0862733	0.0345879	0.00658196	0.0345996	0.0603603	0.0343287	0.00286319	0.0523678	0.104759	0.0531452	0.0378407	0.000801357	0.0191211	0.0302139	0.113834	0.0260598	
0.0529118	0.08841	0.129482	0.058026	0.0271923	0.0841838	0.0988957	0.034067	0.03235	0.0164478	0.0238041	0.0485908	0.15502	0.0463901	0.0131536	0.0449337	0.00812491	0.0239845	0.0101196	0.00391231	
0.0155855	0.0222146	0.0249204	0.0346882	0.0729434	0.0604321	0.0838675	0.0243344	0.0494098	0.0199758	0.000879928	0.085047	0.0535962	0.0452332	0.102312	0.0346901	0.0915773	0.0936697	0.00350917	0.0811144	
0.0399602	0.0611696	0.0311773	0.00262349	0.0584813	0.0503303	0.0193653	0.073803	0.0383543	0.0603713	0.0564566	0.0163864	0.00538807	0.162984	0.156814	0.0574891	0.0104044	0.0816561	0.0112852	0.00550066	
0.00375574	0.0863789	0.0284375	0.233458	0.0011523	0.112392	0.0202807	0.0957033	0.0392557	0.0949816	0.0412438	0.00160146	0.00266588	0.0805982	0.018413	0.0127185	0.0268078	0.0470982	0.0195708	0.0334869	
0.00643582	0.0237423	0.0644483	0.0785571	0.0440993	0.132598	0.192054	0.00904764	0.0638557	0.00546191	0.0263459	0.0170684	0.0560533	0.0184311	0.0298071	0.0627604	0.0401225	0.0500083	0.03724	0.0418629	
0.0230016	0.00594818	0.012907	0.0072288	0.0152516	0.137783	0.000482209	0.0123001	0.0330884	0.0162353	0.0113042	0.0536013	0.160908	0.0327299	0.0435192	0.0931475	0.0334168	0.0727808	0.178925	0.0554415	
0.0132488	0.0631302	0.049887	0.024361	0.0311871	0.0574002	0.0901673	0.0293972	0.00769787	0.0228392	0.105	0.00491422	0.107311	0.043636	0.0221042	0.156166	0.0237019	0.0684496	0.0359894	0.0434118	
0.00248923	0.0736117	0.0911039	0.0188945	0.0118998	0.0657713	0.0454483	0.00211919	0.0240407	0.167776	0.048691	0.0539894	0.0127121	0.00683243	0.131377	0.0670559	0.0379058	0.0329105	0.102892	0.00247962	
0.04091	0.0491131	0.14383	0.0177314	0.0329851	0.0185495	0.0584253	0.0248966	0.0437229	0.0137489	0.0252453	0.0751927	0.133887	0.0176673	0.00262745	0.0197072	0.235168	0.0291233	0.0165178	0.000950807	
0.000810353	0.0423444	0.021911	0.0561662	0.0358906	0.00524949	0.00274395	0.0113807	0.0155612	0.001361	0.0346018	0.179531	0.122943	0.107151	0.0810267	0.0956049	0.00712874	0.101993	0.0691571	0.00744429	
0.00903293	0.0182355	0.0230389	0.0575237	0.0614628	0.0666714	0.0335406	0.120238	0.0220561	0.0364974	0.111951	0.0275797	0.0864264	0.0128828	0.0908899	0.0381765	0.00207989	0.0126094	0.0194202	0.149687	
0.00918936	0.0278096	0.06922	0.0526758	0.0761893	0.106007	0.0879459	0.0322657	0.00932986	0.108609	0.0681393	0.0106536	0.0080589	0.0273085	0.00318489	0.04234	0.0811519	0.0224268	0.136517	0.0209781	
0.0777707	0.116547	0.0182025	0.00526294	0.044454	0.0147442	0.127181	0.232389	4.19581e-06	0.0525479	0.004774	0.0173437	0.0382757	0.0252158	0.0696215	0.0514405	0.0028467	0.0173972	0.0555548	0.0284267	
0.0618761	0.00199079	0.0077653	0.00907568	0.00623737	0.0201156	0.028484	0.0528338	0.0178265	0.0462365	0.154876	0.0169598	0.0459393	0.00123819	0.0425646	0.106079	0.0208403	0.0712707	0.135714	0.152076	
0.0081769	0.102936	0.0114822	0.117383	0.0108147	0.190091	0.0116839	0.0542659	0.0665012	0.0144416	0.00585316	0.0206091	0.0324243	0.0555648	0.00955583	0.0255269	0.055603	0.0484534	0.119655	0.0389782	
0.0497102	0.041631	0.00164655	0.0201369	0.0214354	0.0116625	0.0592154	0.0418236	0.00364932	0.0380103	0.129101	0.117812	0.21468	0.0628051	0.0303157	0.0123573	0.00437843	0.120578	0.00278061	0.0162715	
0.0101422	0.0371272	0.020433	0.0268192	0.0347462	0.139352	0.0595636	0.0239454	0.158207	0.0191357	0.0182335	0.174216	0.102192	0.03955	0.0354993	0.00122909	0.0136023	0.0723115	0.0040821	0.00961246	
0.0149378	0.135634	0.0292141	0.140241	0.0212094	0.00898458	0.000843103	0.0116101	0.0165597	0.0799314	0.178363	0.0192413	0.00013605	0.0185491	0.155886	0.0250666	0.0683507	0.0304762	0.0339302	0.010836	
0.069438	0.0023916	0.0103661	0.0436167	0.0283592	0.00591887	0.022519	0.0282902	0.149366	0.0179984	0.0117218	0.0178095	0.0589143	0.0234571	0.209845	0.033041	0.103487	0.0324795	0.0150959	0.115885	
0.069488	0.0494363	0.167169	0.053923	0.0235159	0.00511182	0.0221521	0.0777317	0.0409683	0.00336152	0.00997731	0.0345441	0.0190612	0.0261294	0.0402905	0.0990048	0.0520403	0.0587252	0.0534448	0.0939244	
0.0576941	0.0815612	0.00704502	0.0163513	0.0503532	0.0156798	0.0205521	0.275605	0.0559301	0.038275	0.000449523	0.0428407	0.0154781	0.0606135	0.0845255	0.0662021	0.0542394	0.0023445	0.0216704	0.032589	
0.0618628	0.0091911	0.00871372	0.0187318	0.0116783	0.0282698	0.0640207	0.0997334	0.0672224	0.0361442	0.052016	0.0604391	0.012301	0.0466503	0.0423867	0.140709	0.0837944	0.0581014	0.089014	0.0090196	
0.0316452	0.0258031	0.00559361	0.0944686	0.224504	0.00278583	0.101473	0.0118206	0.0321459	0.121901	0.0032514	0.00307138	0.0195788	0.0137525	0.0971402	0.106367	0.0600708	0.00588221	0.000587814	0.0381562	
0.0315301	0.0870153	0.0252733	0.0441937	0.0703728	0.112776	0.0389946	0.150598	0.160272	0.035654	0.0437724	0.0314971	0.0713852	0.0167001	0.00158336	0.0511898	0.00894696	0.000896181	0.0148645	0.00248567	
0.0263382	0.0230336	0.0779747	0.00696069	0.115632	0.185384	0.0159544	0.0337355	0.0294675	0.0417576	0.00497856	0.0133223	0.0910525	0.072572	0.02949	0.00476107	0.027099	0.0053259	0.141719	0.0534415	
0.0193105	0.057644	0.00446916	0.146784	0.00375431	0.00531161	0.00296096	0.00712295	0.145947	0.103832	0.0172279	0.0191584	0.0506357	0.0150789	0.000826811	0.0866968	0.0265395	0.134356	0.108443	0.0438998	
0.0101966	0.0974129	0.12193	0.0192061	0.171814	0.00267285	0.189623	0.0554409	0.0735932	0.018114	0.000508843	0.00166569	0.0118461	0.0205858	0.000651209	0.0402655	0.0192735	0.0599541	0.0301438	0.0551013	
0.0519979	0.0338156	0.0427412	0.0747972	0.017526	0.077642	0.0546742	0.0463599	0.0200498	0.151821	0.032929	0.0508797	0.0333907	0.0104984	0.173971	0.0227452	0.0328901	0.00252136	0.0555617	0.0131882	
0.0114649	0.110668	0.00513939	0.0843516	0.00463871	0.0976347	0.0832906	0.15772	0.0104075	0.00458615	0.0265491	0.0662232	0.0279271	0.0956472	0.091252	0.00331386	0.0242076	0.0158081	0.0707533	0.00841777	
0.12261	0.267965	0.0321835	0.000129267	0.213374	0.0151675	0.0142439	0.030038	0.00679428	0.0506649	0.000984645	0.0238122	0.010626	0.0822483	0.00588947	0.00129581	0.0014222	0.0504156	0.0506595	0.0194766	
0.0581979	0.0851533	0.0085223	0.000643296	0.102731	0.0163579	0.0312351	0.0375394	0.0366036	0.0811567	0.0436744	0.00599528	0.0557076	0.185528	0.038353	0.109231	0.0201741	0.0490344	0.0280918	0.00606942	
0.013299	0.122721	0.0360474	0.024163	0.0742945	0.00363086	0.0777344	0.0129408	0.110829	0.0409237	0.0334642	0.00429803	0.0497607	0.0295363	0.0503585	0.0111316	0.00251032	0.279254	0.0222879	0.000815648	
0.0272942	0.0493853	0.0523958	0.0484945	0.0938863	0.016136	0.000686633	0.108173	0.0485624	0.113993	0.0339519	0.029625	0.0307389	0.00982908	0.0368969	0.148501	0.0506047	0.0107398	0.0441654	0.0459396	
0.0929224	0.0559761	0.0532626	0.0197394	0.00660443	0.0464638	0.0812236	0.0867258	0.0277025	0.0243436	8.86259e-05	0.0365489	0.0133336	0.0607325	0.0929365	0.0233758	0.018427	0.155581	0.0730351	0.0309766	
0.0334588	0.0891432	0.0123415	0.0524353	0.0307329	0.0358691	0.0351434	0.0586004	0.0178499	0.0311129	0.0387295	0.014536	0.119562	0.0427628	0.0306554	0.0483832	0.0871785	0.0160771	0.0387367	0.166692	
0.0136312	0.096412	0.105141	0.0526968	0.109965	1.69318e-05	0.00351932	0.0491954	0.0717157	0.00795509	0.00980195	0.149429	0.104277	0.0222721	0.0107644	0.0903715	0.00286688	0.0964348	0.00341956	0.000114054	
0.00395006	0.0318855	0.069159	0.0298155	0.0275547	0.0520961	0.0884713	0.0169314	0.194294	0.00494398	0.0284308	0.1205	0.0465997	0.115358	0.00652945	0.00640912	0.0647972	0.0720793	0.0128003	0.00739444	
0.0633813	0.0725495	0.0959085	0.0508047	0.314573	0.0109429	0.0330766	0.014668	0.0422798	0.0285924	0.00123128	0.0537561	0.0200774	0.00230246	0.00171335	0.047416	0.0480791	0.0079977	0.0507624	0.0398879	
0.0915497	0.0473834	0.0983409	0.00373393	0.00193313	0.0654526	0.0619184	0.0422564	0.0108646	0.0948736	0.0105539	0.0602776	0.0868869	0.0447629	0.00442097	0.0496841	0.079392	0.0649422	0.00352143	0.0772514	
0.011255	0.037567	0.00760917	0.134523	0.00860588	0.0274428	0.0173026	0.0702823	0.00880764	0.00737827	0.0182274	0.110522	0.030656	0.0300144	0.171838	0.214406	0.00576437	0.0108746	0.0107825	0.0661411	
0.0667658	0.0127152	0.0736021	0.0364548	0.0059209	0.0204808	0.126583	0.0928186	0.101452	0.0535739	0.00909037	0.08598	0.0931715	0.0248326	0.0116546	0.0535255	0.0348994	0.0046674	0.0487808	0.0430304	
0.0328736	0.0149768	0.121623	0.0291242	0.0491978	0.0266651	0.0639951	0.0341333	0.00616961	0.0907792	0.0768928	0.00926695	0.0264454	0.0536887	0.0913994	0.0241575	0.109679	0.106896	0.0281498	0.0038866	
0.260258	0.00575479	0.0777793	0.0144641	0.019275	0.00212028	0.00862431	0.0624856	0.0210254	0.0737128	0.0285972	0.0292055	0.0506084	0.02741	0.0373373	0.0114363	0.00934689	0.0375565	0.0804038	0.142599	
0.00191519	0.0570378	0.171574	0.0437844	0.0415176	0.200887	0.0439307	0.0104196	0.0158397	0.0150676	0.00123376	0.0120659	0.0129371	0.0938741	0.0534176	0.00802546	0.00171218	0.0429081	0.134804	0.0370486	
0.019081	0.0782876	0.0933518	0.00966114	0.0499314	0.0192904	0.170672	0.0418124	0.0631177	0.142024	0.0218384	0.1077	0.00449825	0.0515029	0.000744248	0.0189435	0.0558777	0.0260457	0.014024	0.0115961	
0.0316782	0.0569605	0.00900737	0.0219971	0.00017979	0.114468	0.0979138	0.000890814	0.00466681	0.0101399	0.035143	0.00803171	0.106024	0.0324388	0.185903	0.032519	0.0737358	0.0263638	0.079455	0.0724835	
0.177268	0.0126805	0.0325804	0.0409738	0.0704247	0.0462646	0.00949888	0.011911	0.0956264	0.0815345	0.0590347	0.0152815	0.057381	0.00925807	0.00418495	0.0455498	0.0259312	0.0872911	0.0640754	0.0532493	
0.029612	0.046831	0.100992	0.00750103	0.000365156	0.0753093	0.0358426	0.00190337	0.00452304	0.0119572	0.0945409	0.0265567	0.125635	0.0754075	0.0279587	0.0178928	0.0409967	0.034307	0.0978379	0.14403	
0.0324768	0.0193809	0.00958898	0.0110834	0.0227664	0.0323525	0.0294189	0.072446	0.0528524	0.0209562	0.0100493	0.00758314	0.0132728	0.000325337	0.090633	0.0586293	0.104033	0.0995428	0.273458	0.0391508	
0.0338345	0.0653624	0.00777621	0.203988	0.0147705	0.00595487	0.0392459	0.0499513	0.0345122	0.151047	0.10559	0.0625285	0.00787896	0.0239206	0.0878621	0.0315857	0.0267182	0.0143564	0.0229745	0.0101428	
0.00839048	0.0262161	0.0174217	0.10304	0.0700319	0.0197798	0.0194486	0.0430291	0.0481654	0.0220788	0.0507874	0.0168068	0.0385855	0.000302598	0.0351614	0.0300189	0.0490761	0.0126137	0.212184	0.176862	
0.00965005	0.0365573	0.00730733	0.0796623	0.0977494	0.0297166	0.0574328	0.0341724	0.135106	0.031876	0.00795167	0.00378542	0.0112382	0.082716	0.0511262	0.0881165	0.104108	0.0144039	0.0111499	0.106174	
0.00197486	0.0550368	0.0647252	0.0499923	0.0650919	0.0368764	0.0326599	0.0219352	0.0331389	0.0582821	0.0386605	0.0397603	0.00790386	0.0227612	0.023116	0.16862	0.00739539	0.228444	0.0221666	0.0214592	
0.036503	0.0327931	0.0299031	0.0128348	0.113768	0.0574567	0.233881	0.0279573	0.119856	0.0450601	0.0145885	0.0102486	0.0148932	0.0284842	0.0464124	0.0139353	0.0243585	0.0471881	0.0388632	0.0510152	
0.0375578	0.0173264	0.0231381	0.0347204	0.0391081	0.0156138	0.141299	0.101462	0.000413671	0.00956721	0.177675	0.00186536	0.00119243	0.0985188	0.0444074	0.0146756	0.170979	0.0290746	0.0400385	0.00136776	
0.0342423	0.0202722	0.0144028	0.00464547	0.0814682	0.0440434	0.0221147	0.0782067	0.0114335	0.102461	0.0026821	0.0256781	0.0635281	0.0497523	0.0431746	0.0552711	0.0500784	0.236313	0.043838	0.016394	
0.0744772	0.0234736	0.011288	0.0353632	0.0353221	0.021894	0.143115	0.000471648	0.171199	0.0110676	0.0662028	0.0547111	0.13171	0.0180696	0.0720231	0.0434651	0.0199845	0.0252624	0.0243669	0.0165326	
0.00627071	0.00410103	0.0442127	0.16749	0.0527447	0.00198948	0.108189	0.00447235	0.138418	0.0136961	0.00810009	0.0148992	0.0844402	0.0703935	0.0187986	0.0176535	0.0543243	0.0811136	0.105598	0.00309493	
0.0482393	0.00105255	0.159308	0.0105994	0.0274115	0.00407867	0.0327696	0.0170724	0.032561	0.0563824	0.00321638	0.0638997	0.032849	0.196947	0.0147381	0.00772159	0.0286598	0.0439455	0.0464855	0.172063	
0.0447688	0.0459848	0.0721195	0.0744241	0.0717369	0.0240476	0.0330027	0.0446481	0.0279973	0.058164	0.0296365	0.127644	0.0535337	0.0261078	0.183643	0.0311391	0.0162323	0.0190604	0.0113526	0.00475645	
0.180389	0.0320824	0.0983168	0.0270347	0.00873901	0.000809702	0.00331939	0.0454698	0.0673129	0.00180084	0.0212136	0.080367	0.038242	0.0629164	0.0564966	0.0342775	0.105161	0.101196	0.0321943	0.00266132	
0.0273839	0.00825906	0.00395034	0.0358844	0.0314746	0.127775	0.0263879	0.000268334	0.111331	0.129251	0.1099	0.0212347	0.0223559	0.0497928	0.0776706	0.0332124	0.0524434	0.0930127	0.00192171	0.0364909	
0.0102393	0.11316	0.110752	0.0338071	0.0554644	0.155788	0.0997965	0.0280688	0.0295978	0.0281667	0.12603	0.0301683	0.00262713	0.00397133	0.0763892	0.00899702	0.0122666	0.0120974	0.0319548	0.0306575	
0.0394852	0.0392107	0.106584	0.125583	0.00566443	0.0408794	0.0461391	0.0321517	0.0743523	0.0774284	0.0547455	0.0136722	0.0307992	0.0212205	0.0575832	0.0273972	0.0128364	0.0234114	0.0531629	0.117692	
0.00117884	0.0288937	0.0526329	0.056036	0.032036	0.13478	0.00252353	0.0241806	0.0631732	0.0240362	0.00055386	0.0391056	0.0149531	0.0621288	0.0590453	0.154592	0.0700637	0.00832087	0.109355	0.0624103	
0.0336331	0.0567606	0.0148851	0.103745	0.0491051	0.0205385	0.0179255	0.027	0.0110331	0.013209	0.0690643	0.019268	0.139549	0.107525	0.0161414	0.0379962	0.0166509	0.00590197	0.121757	0.118311	
0.0356453	0.0914969	0.173214	0.00855155	0.0326193	0.0387414	0.00977588	0.017335	0.039718	0.0356596	0.0220978	0.0803666	0.0156257	0.0787923	0.0146724	0.0168484	0.0216195	0.030472	0.00187902	0.234869	
0.0823835	0.0857137	0.0193242	0.0409965	0.00562636	0.114874	0.00601368	0.00630296	0.04139	0.00991757	0.0174376	0.122223	0.0367978	0.127009	0.0913948	0.0534286	0.0811305	0.000624753	0.00670317	0.0507081	
0.00616951	0.0195831	0.0303819	0.243338	0.0181487	0.125158	0.0174064	0.0145316	0.104792	0.0170159	0.0902108	0.0528686	0.113885	0.00249418	0.041037	0.0524817	0.00224388	0.0273767	0.0156048	0.00527108	
0.00847897	0.0802359	0.0134019	0.189618	0.0158928	0.0420781	0.0194993	0.0307371	0.0036279	0.133583	0.0353492	0.0615065	0.0898461	0.0209605	0.0672727	0.0202167	0.122464	0.00259283	0.012956	0.0296826	
0.00946779	0.0148506	0.0640595	0.0416891	0.0203075	0.120985	0.0133119	0.0772736	0.0645748	0.0624054	0.0385514	0.127242	0.0373844	0.00170669	0.0202622	0.0692111	0.0595475	0.0546723	0.00443656	0.0980607	
0.12973	0.0399764	0.0592309	0.0190463	0.0199742	0.0379962	0.0640577	0.0380264	0.0716921	0.0159693	0.0443928	0.00485645	0.0119465	0.0196773	0.0282146	0.0644508	0.0486889	0.180484	0.0659981	0.0355912	
0.12772	0.0343634	0.0772541	0.00244297	0.0549484	0.00278382	0.0158803	0.0222134	0.110934	0.00282783	0.035658	0.0209582	0.113966	0.0546013	0.00756333	0.0807848	0.0316118	0.129459	0.0545228	0.0195068	
0.0232032	0.0316761	0.025015	0.241388	0.115826	0.0541158	0.0525651	0.0129163	0.0704435	0.0769928	6.71638e-05	0.012088	0.0093244	0.0331765	0.0944504	0.0146503	0.00625627	0.0358771	0.0818608	0.00810698	
0.0107138	0.0247609	0.094188	0.053192	0.0149547	0.120897	0.00854286	0.0326583	0.124025	0.0437293	0.0865849	0.0703208	0.0186424	0.027389	0.0567107	0.0219878	0.0185468	0.125885	0.022131	0.0241398	
0.0195532	0.0595447	0.0333753	0.0960863	0.01361	0.0562229	0.00971349	0.0565238	0.00410984	0.0854741	0.0152479	0.0247089	1.79341e-05	0.0663701	0.0846512	0.00728636	0.0181613	0.0139613	0.00861394	0.326767	
0.0470477	0.0214855	0.0449612	0.0648552	0.0674942	0.014562	0.00926141	0.0170818	0.0667619	0.0608895	0.0456586	0.0688819	0.165924	0.00370878	0.0106506	0.0355997	0.113971	0.000811634	0.0575431	0.0828502	
0.0306869	0.0123238	0.0241341	0.108345	0.00296591	0.0339548	0.01374	0.18328	0.000729565	0.0206811	0.0235118	0.061445	0.0578083	0.119103	0.018415	0.0957533	0.0205912	0.124425	0.0118706	0.0362365	
0.0186956	0.0308512	0.0241062	0.00758399	0.0192088	0.235264	0.103765	0.0673168	0.00444249	0.0641908	0.00574699	0.0143956	0.0930173	0.133494	0.0269808	0.0613028	0.0630258	0.0217805	0.00197883	0.00285225	
0.0978642	0.0350929	0.010834	0.00773773	0.00739581	0.0344776	0.000205499	0.0229461	0.0524773	0.137175	0.104134	0.0707535	0.119738	0.00432016	0.055602	0.0520129	0.0128279	0.0991516	0.038466	0.0367877	
0.133787	0.00907881	0.00748305	0.0388501	0.00714101	0.0423089	0.00823954	0.0498233	0.0872426	0.0916648	0.114386	0.0691995	0.0583709	0.00269322	0.102399	0.0336279	0.00599937	0.0306307	0.00344183	0.103632	
0.0440739	0.00408204	0.0269082	0.0805402	0.0116503	0.0537635	0.0799412	0.137687	0.0532195	0.0240303	0.0181191	0.0299575	0.000166638	0.000262815	0.0325572	0.225734	0.00800319	0.0494359	0.00618056	0.113687	
0.0233176	0.0270395	0.109171	0.0218617	0.143657	0.0206707	0.00523271	0.0235378	0.0204881	0.0595056	0.0427783	0.0255768	0.0438885	0.0117938	0.0104519	0.179927	0.0476189	0.0136643	0.163719	0.00609939	
0.0529814	0.090181	0.194129	0.00603102	0.0999175	0.0865686	0.0340906	0.0408082	0.00230156	0.000811019	0.0308725	0.0683041	0.0470181	0.0183525	0.038371	0.0513532	0.00724982	0.117921	0.0106499	0.00208795	
0.000561596	0.0369838	0.0380653	0.0310695	0.0311153	0.0463831	0.0146953	0.030626	0.000415419	0.0749854	0.0226847	0.00169906	0.0250315	0.122184	0.0133012	0.0867664	0.0793223	0.00815609	0.0737011	0.262253	
0.190796	0.0235977	0.0237059	0.118731	0.0422264	0.0110345	0.0338887	0.049918	0.0674368	0.0770399	0.00046126	0.0183641	0.077864	0.0255465	0.0798752	0.0148544	0.0712445	0.00580967	0.00409735	0.0635075	
0.118441	0.0431174	0.021784	0.00527666	0.117802	0.0173738	0.0107258	0.0502771	0.0249152	0.0263421	0.0117275	0.0629365	0.0485807	0.0549558	0.071468	0.0261935	0.0636935	0.0658572	0.153962	0.00457029	
0.0668727	0.000432824	0.0393751	0.0474508	0.0396785	0.064202	0.159932	0.0543735	0.0431178	0.0314627	0.100603	0.0684692	0.0137839	0.0742845	0.010956	0.0341298	0.0190921	0.0607403	0.0533181	0.0177255	
0.0651153	0.0577206	0.139033	0.0253686	0.0986821	0.0284127	0.0616663	0.104634	0.0948508	0.0092509	0.0680204	0.0268259	0.00505107	0.0383401	0.0219395	0.0226526	0.017856	0.0444662	0.00961365	0.0604997	
0.00254305	0.157259	0.139235	0.0743435	0.0682522	0.0495211	0.0549058	0.083641	0.067904	0.0429769	0.00509157	0.013352	0.0198902	0.0096375	0.0106151	0.0371666	0.00723503	0.0590234	0.0238484	0.0735586	
0.060055	0.104209	0.00438705	0.164211	0.0262025	0.0372767	0.0175602	0.023508	0.000365159	0.105891	0.10837	0.0208094	0.00148843	0.100265	0.119671	0.0147243	0.00430882	0.0495541	0.00263415	0.0345091	
0.0112966	0.00367358	0.0243051	0.0848157	0.00127794	0.00398774	0.137323	0.00542637	0.0022357	0.0697703	0.0953501	0.0678679	0.0284044	0.101789	0.0350784	0.0154832	0.127779	0.0866931	0.0108522	0.0865903	
0.0137785	0.0477705	0.0205036	0.172399	0.00825542	0.114309	0.0439518	0.0842217	0.0794898	0.00948329	0.1166	0.0337404	0.00558768	0.088657	0.0219419	0.0516545	0.0526316	0.00413291	0.0063483	0.024543	
0.0708304	0.00158199	0.0196142	0.178555	0.127603	0.0239626	0.0224428	0.00527161	0.0322298	0.0293445	0.150064	0.0419801	0.0475587	0.0631623	0.0451973	0.0700734	0.0170263	0.0144962	0.0161254	0.0228797	
0.0119117	0.0826271	0.00310245	0.206546	0.0957273	0.0325488	0.0406485	0.0613739	0.114582	0.0185608	0.0151548	0.029786	0.0396486	0.0505551	0.0285429	0.0433214	0.0575701	0.0160112	0.00185724	0.0499242	
0.00387844	0.0811646	0.055515	0.0152858	0.029477	0.0734723	0.0629197	0.0963496	0.0264364	0.00365963	0.00512915	0.00658976	0.0181044	0.0161227	0.0809711	0.0180682	0.122221	0.138562	0.0736257	0.0724475	
0.00509275	0.0610721	0.086619	0.00441955	0.0491277	0.101101	0.0205202	0.0102332	0.00966745	0.0252006	0.162965	0.00573438	0.0115294	0.117082	0.0180109	0.0160583	0.0166111	0.0647451	0.00513658	0.209074	
0.0423354	0.0575739	0.00233606	0.00110652	0.0345435	0.0454317	0.136147	0.0281118	0.0447965	0.0127503	0.00570496	0.0119696	0.0549312	0.0696624	0.0712816	0.080252	0.0127548	0.243875	0.00463731	0.0397979	
0.0322981	0.0386161	0.000603656	0.0189407	0.0927749	0.14365	0.0773208	0.00601596	0.0457738	0.0492675	0.0106095	0.100497	0.0517291	0.0459115	0.0588072	0.0389766	0.00930454	0.0893055	0.0407947	0.0488032	
0.0406747	0.0711249	0.145505	0.00708633	5.08201e-05	0.0909224	0.0514059	0.0483238	0.0309536	0.0141682	0.0189895	0.175355	0.033711	0.0318341	0.0128879	0.0464597	0.0211446	0.0665832	0.0317005	0.0611196	
0.0334981	0.0442141	0.0390327	0.0415354	0.0284053	0.0336095	0.0602812	0.00376436	0.0587015	0.0498982	0.0635335	0.194902	0.0158387	0.0328314	0.017874	0.00351221	0.00288906	0.135514	0.0609383	0.079226	
0.14934	0.0627257	0.0102491	0.0224105	0.0245176	0.057859	0.0621607	0.0589777	0.0316782	0.0946571	0.0444331	0.0476422	0.0717868	0.0429549	0.0365904	0.00358497	0.039634	0.0848904	0.0084015	0.0455066	
0.00516913	0.0117701	0.0217423	0.0278619	0.115594	0.0341762	0.00190672	0.0443758	0.0850052	0.00526478	0.157405	0.0919608	0.099813	0.164358	0.0204222	0.026817	0.0126167	0.0125332	0.0341362	0.0270715	
0.0452179	0.0642418	0.0157085	0.0299267	0.107175	0.0401514	0.00301768	0.0845317	0.00625569	0.000193091	0.000549873	0.077263	0.000710023	0.0484622	0.238629	0.0393728	0.00118209	0.149511	0.0049522	0.0429481	
0.0664732	0.000642776	0.041899	0.00398647	0.0354142	0.181215	0.0231329	0.0107358	0.00786171	0.0776966	0.0171627	0.0455583	0.108922	0.0225383	0.0673982	0.0113875	0.0116156	0.2262	0.0400733	8.65347e-05	
0.0965757	0.0114312	0.0074763	0.026594	0.125886	0.0657392	0.0259578	0.0875243	0.0764938	0.0332519	0.0232356	0.00842615	0.11613	0.00623874	0.0589455	0.0260796	0.0377627	0.0506091	0.0868239	0.0288186	
0.0303488	0.00380542	0.00668547	0.000569975	0.00195795	0.111592	0.010915	0.0494095	0.0164357	0.0398283	0.0217169	0.217665	0.0784592	0.00886456	0.0350796	0.146876	0.0604335	0.0218823	0.134285	0.00318983	
0.0642427	0.00554239	0.0707022	8.91134e-05	0.00149794	0.0196975	0.0631938	0.0155325	0.188818	0.120628	0.0471763	0.0141854	0.0375756	0.0345059	0.0162293	0.0352719	0.0568304	0.188206	0.00986576	0.0102084	
0.0692487	0.0153655	0.0486567	0.00888502	0.0728063	0.0128485	0.0591091	0.0729567	0.038323	0.00935818	0.0390411	0.0492029	0.0283518	0.0217095	0.10073	0.123889	0.146819	0.0348059	0.0207528	0.0271402	
0.0233565	0.0371252	0.00690613	0.00328679	0.00117375	0.0277679	0.0180128	0.0216637	0.0883029	0.176322	0.100615	0.0584695	0.0640667	0.0717022	0.00195813	0.00401498	0.106782	0.0741771	0.0894942	0.0248018	
0.0440011	0.0106478	0.135477	0.0256353	0.0687376	0.0010074	0.174891	0.0583902	0.0407634	0.00485428	0.0650028	0.00185124	0.0394254	0.179937	0.0122958	0.00397065	0.0337923	0.0417092	0.048956	0.0086547	
0.0756569	0.000361789	0.0140806	0.00809448	0.0271432	0.0140104	0.136458	0.118085	0.0957963	0.0049561	0.0885309	0.00217427	0.0548984	0.096233	0.0120359	0.0735808	0.021978	0.0202557	0.108458	0.0272117	
0.00818918	0.0799491	0.0637698	0.0426372	0.103616	0.0743535	0.0160781	0.0927096	0.0722902	0.00253599	0.00204223	0.0230679	0.0748336	0.0117779	0.0580843	0.0470341	0.194029	0.021699	0.00846519	0.00283821	
0.0231802	0.0187999	0.00875895	0.035866	0.0214389	0.00913873	0.0103331	0.0248336	9.63699e-05	0.157623	0.124877	0.0386211	0.068905	0.047871	0.24441	0.036133	0.0491023	0.0008695	0.0409324	0.0382098	
0.0768655	0.0744887	0.0201422	0.0664263	0.018289	0.00227164	0.00725111	0.0879176	0.0209152	0.042456	0.00728417	0.035803	0.0831204	0.0530158	0.0134314	0.0939887	0.0327678	0.243525	0.0184162	0.00162466	
0.0492882	0.118235	0.0691467	0.0654306	0.0210944	0.0417102	0.0255875	0.034221	0.018871	0.00468058	0.0209724	0.0366234	0.156641	0.0897431	0.0712582	0.0850934	0.013925	0.0125347	0.0397996	0.0251445	
0.0465792	0.0563236	0.0122859	0.0837889	0.0413623	0.0261227	0.00314134	0.0317928	0.00863977	0.0713328	0.086574	0.0827859	0.00250297	0.00366861	0.0241123	0.0246866	0.01227	0.178881	0.202242	0.000907871	
0.122593	0.0274877	0.0505705	0.00498239	0.014903	0.0533766	0.0621101	0.0355588	0.000997613	0.0152304	0.0446129	0.0176063	0.0121776	0.0592294	0.0606293	0.167702	0.0543088	0.0286941	0.0769474	0.090282	
0.205514	0.0840688	0.0592715	0.025718	0.00701765	0.000805897	0.0187338	0.000247434	0.0241205	0.0145227	0.099993	0.0641934	0.0273108	0.168916	0.0931169	0.0114856	0.00839786	0.0515298	0.0259571	0.0090801	
0.0410779	0.0157947	0.00358849	0.0710283	0.0580932	0.0508525	0.0694848	0.0394523	0.0475455	0.0502488	0.171278	0.00347896	0.0563121	0.0372732	0.134047	0.0129427	0.00254061	0.000386631	0.125475	0.00909881	
0.0266233	0.0171942	0.0193325	0.00971039	0.00270926	0.00736697	0.0889506	0.0231914	0.00686023	0.0791852	0.0018624	0.0892254	0.0725777	0.0333369	0.0521591	0.00125647	0.214993	0.124361	0.0647207	0.0643828	
0.0463719	0.141581	0.0028794	0.0292025	0.0322	0.0210238	0.00957123	0.0276547	0.00122683	0.132908	0.143488	0.123013	0.0311919	0.00198151	0.00920035	0.0396696	0.00838467	0.0847689	0.0306497	0.083033	
0.062851	0.0539344	0.0179172	0.0409359	0.016251	0.0011104	0.105237	0.0131145	0.172933	0.168958	0.140013	0.00323239	0.0277978	0.0431798	0.00356481	0.0235292	0.0108811	0.0493041	0.0117023	0.0335532	
0.0210282	0.130687	0.0120687	0.0633807	0.000674392	0.0194931	0.0124342	0.0161999	0.051268	0.253516	0.131237	0.02399	0.026327	0.0153772	0.0794032	0.0887196	0.00921683	0.00894666	0.0165595	0.0194731	
0.0741954	0.00328607	0.0203999	0.0368723	0.00865345	0.00229427	0.0488176	0.0768509	0.110094	0.00427803	0.00710304	0.00235418	0.134231	0.0656126	0.0428948	0.232833	0.0344831	0.0085819	0.0155641	0.0705997	
0.0657629	0.00421419	0.215538	0.0503623	0.115077	0.0390769	0.0598614	0.0733838	0.00410925	0.0503819	0.0251582	0.0656652	0.029824	0.00504314	0.0580713	0.0378928	0.0067767	0.0192997	0.0208954	0.053606	
0.077109	0.0444953	0.0640393	0.0109082	0.0203123	0.00906616	0.0236526	0.0429421	0.222368	0.0115408	0.0329389	0.0622333	0.0582894	0.00343989	0.117155	0.0226103	0.0481393	0.0482802	0.0205682	0.0599121	
0.0148734	0.186997	0.00630407	0.00749711	0.0479796	0.0766984	0.106092	0.0810934	0.106228	0.0670431	0.0122363	0.0342873	0.0586014	0.00636213	0.0154051	0.0184556	0.117384	0.0152438	0.00869593	0.0125222	
0.0193018	0.0192007	0.0107024	0.022284	0.0652267	0.100588	0.000912697	0.0581253	0.0246904	0.0522162	0.0357719	0.04957	0.163579	0.0166912	0.117914	0.0869018	0.080158	0.0133341	0.0429111	0.0199212	
0.0181234	0.00416666	0.0290671	0.0384732	0.0315421	0.107522	0.045215	0.0388391	0.12996	0.123611	0.0139077	0.00805692	0.0039661	0.150982	0.0220493	0.0639472	0.0814558	0.0450957	0.0143287	0.0296912	
0.0435035	0.106873	0.0208949	0.0566126	0.0221525	0.158319	0.00923835	0.0163315	0.0119736	0.0372126	0.019774	0.0150822	0.0949846	0.01066	0.0258816	0.0611105	0.103598	0.0133678	0.108567	0.0638628	
0.05553	0.0359891	0.00275247	0.161264	0.243463	0.0196766	0.0292433	0.0769216	0.0383583	0.0443101	0.000420291	0.00965751	0.0115769	0.0265471	0.013076	0.0431387	0.0358099	0.0680209	0.0481273	0.0361172	
0.0983269	0.0176184	0.0365494	0.0606932	0.0145849	0.0883276	0.00972586	0.074044	0.0185402	0.0133847	0.00483125	0.157925	0.0141459	0.213117	0.0108832	0.0226283	0.0280715	0.0323758	0.0752892	0.00893836	
0.040371	0.017093	0.0241328	0.107353	0.0138414	0.0551607	0.0354021	0.0765297	0.0451947	0.0327297	0.0496567	0.0823223	0.0730978	0.10842	0.103108	0.0365395	0.0534951	0.0217768	0.0230291	0.000746566	
0.126701	0.0994849	0.0276118	0.0270113	0.03777	0.0417687	0.039238	0.0793255	0.0944121	0.00336014	0.0597151	0.0503725	0.0192655	0.0220656	0.0570014	0.0836334	0.0451139	0.0254269	0.0173439	0.0433788	
0.0318128	0.000662803	0.0214836	0.0411691	0.130712	0.0478602	0.0774498	0.0582841	0.0263308	0.0121077	0.00319786	0.0655282	0.0818898	0.0313794	0.105327	0.0193109	0.0380352	0.0331586	0.126463	0.0478374	
0.119777	0.0160848	0.00838463	0.108962	0.148023	0.00186348	0.0544251	0.00535379	0.0140025	0.0418985	0.0084179	0.0483997	0.0439636	0.0284869	0.0266926	0.124824	0.0243957	0.03251	0.136479	0.00705629	
0.0328591	0.0646986	0.0301354	0.00706143	0.062044	0.00326113	0.0338772	0.102328	0.00139771	0.104916	0.0775289	0.0763371	0.0976828	0.0610896	0.0624563	0.0208739	0.00753881	0.101049	0.0371263	0.0157391	
0.0901885	0.00987924	0.0221913	0.0471317	0.0589997	0.0497436	0.0630991	0.0391058	0.000950093	0.158699	0.148111	0.0613823	0.0495289	0.0297179	0.0743448	0.0251562	0.0123571	0.0290988	0.0148716	0.0154442	
0.0659934	0.0456453	0.0288874	0.156611	0.0615496	0.0160604	0.0463516	0.0135072	0.0722051	0.0102119	0.000674565	0.168214	0.0285435	0.00266005	0.0238399	0.0289523	0.00579	0.0276486	0.132076	0.0645797	
0.0746127	0.0717138	0.0282393	0.013	0.0126245	0.141593	0.0265835	0.0212407	0.156011	0.0666334	0.0191778	0.0959332	0.0438934	0.0628931	0.0123206	0.0695883	0.000233648	0.0523584	0.015218	0.0161319	
0.0957758	0.0963395	0.124595	0.228945	0.00917529	0.035312	0.0566796	0.00755193	0.00509992	0.00509637	0.0202907	0.0110384	0.000200834	0.112655	0.00552054	0.0170674	0.0310418	0.0242066	0.0392412	0.0741672	
0.0625768	0.0354814	0.0476409	0.0369474	0.112802	0.0144468	0.0461756	0.0476224	0.00593333	0.0217346	0.0583156	0.170556	0.00651738	0.07913	0.0378938	0.0406097	0.0512637	0.0592273	0.0450689	0.0200566	
0.0237666	0.129515	0.0115814	0.0217772	0.00794505	0.106018	0.147234	0.0350038	0.00502249	0.0238976	0.0721023	0.0470096	0.0405587	0.0449072	0.00078707	0.0280649	0.0815135	0.0122473	0.109098	0.0519512	
0.157549	0.0201557	0.0234065	0.0207384	0.0480163	0.0135451	0.00116827	0.096214	0.0228638	0.0599102	0.1822	0.000379985	0.0514221	0.0649546	0.0145122	0.0240696	0.0858247	0.0105793	0.0585996	0.0438902	
0.0404976	0.0497511	0.10153	0.010401	0.0428583	0.00935105	0.066173	0.0459915	0.0484995	0.0348836	0.0275271	0.00412542	0.00707412	0.0210712	0.00673868	0.0263393	0.0313489	0.083539	0.158251	0.184048	
0.00327209	0.0184606	0.069218	0.101055	0.0208779	0.020272	0.0471319	0.00136444	0.0788629	0.0982798	0.142992	0.0116664	0.060461	0.0244181	0.0760718	0.0249074	0.0213752	0.0149209	0.00144374	0.162949	
0.081632	0.0479484	0.0230334	0.0333955	0.0786008	0.0188004	0.0345283	0.0451399	0.00219303	0.0344964	0.0424191	0.212646	0.0408989	0.00197256	0.0620699	0.0125354	0.0502316	0.0741297	0.0497863	0.0535423	
0.192592	0.0894483	0.0307476	0.0484338	0.00138527	0.0303408	0.00138726	0.0270872	0.0472663	0.0572132	0.0481054	0.0135373	0.0354505	0.0426978	0.0206061	0.0302205	0.0384119	0.194111	0.0050313	0.0459266	
0	2	0	0	4	0	4	0	1	0	0	2	1	4	0	4	0	0	2	0	2	1	4	1	1	0	2	2	0	2	0	1	4	1	0	0	2	0	1	6	2	4	0	2	4	0	2	2	4	2	2	0	1	2	0	1	1	0	4	2	2	2	4	4	0	1	3	4	4	1	0	0	1	0	0	0	4	0	1	1	0	0	0	2	0	4	1	2	1	4	0	1	1	0	1	2	0	6	1	2	0	0	0	2	0	2	4	1	2	1	0	4	1	1	0	0	2	1	0	0	0	0	2	0	0	0	3	2	0	4	0	0	2	4	1	0	0	4	0	1	2	0	0	0	0	0	1	0	0	4	2	0	6	1	1	0	2	4	2	2	2	1	0	0	0	2	0	2	0	0	0	4	1	1	1	0	4	1	0	0	0	1	0	1	2	2	4	2	0	0	0	4	8	2	1	1	0	2	4	1	0	4	0	0	0	3	2	0	2	0	0	1	0	0	0	2	1	0	0	2	4	1	2	1	0	0	0	4	1	1	0	2	2	0	0	4	1	0	1	0	0	4	4	0	0	0	4	1	4	1	0	0	1	1	4	0	0	0	2	0	1	1	2	1	0	0	2	0	2	0	1	0	2	1	4	1	0	1	0	2	0	0	4	1	0	2	2	3	2	0	1	0	1	0	4	0	2	4	4	2	0	4	0	4	2	0	4	0	0	2	0	4	1	2	0	2	1	4	4	0	6	0	2	0	4	2	0	0	2	0	3	1	4	4	0	0	2	1	1	4	1	0	2	0	4	2	0	4	0	1	1	0	0	2	0	0	1	1	1	3	0	0	1	0	1	1	1	0	2	0	1	2	4	1	4	4	1	1	0	4	0	2	0	1	4	2	4	0	0	2	2	2	1	4	0	0	2	4	3	2	2	0	2	0	0	0	0	0	0	0	0	0	1	4	0	0	0	0	7	2	4	4	0	4	0	0	1	0	2	2	0	0	0	1	4	1	2	0	
